2.589732321212068200e-05 8.958189937402494252e-06 1.480257014918606728e-05 1.004170417785644531e+00
4.864445872954092920e-05 1.075968521035974845e-05 6.682652019662782550e-05 1.004093527793884277e+00
2.526809839764609933e-05 1.099100154533516616e-05 2.499337279004976153e-05 1.004158258438110352e+00
3.282754551037214696e-05 9.245040928362868726e-06 1.579519994265865535e-05 1.004161953926086426e+00
3.576920425985008478e-05 1.051791332429274917e-05 1.947142118297051638e-05 1.004153847694396973e+00
2.683368256839457899e-05 9.188775038637686521e-06 1.557263385620899498e-05 1.004167795181274414e+00
3.973083221353590488e-05 1.120597971748793498e-05 2.468916864017955959e-05 1.004143834114074707e+00
3.122659109067171812e-05 8.770634849497582763e-06 1.438562412658939138e-05 1.004165053367614746e+00
3.247992572141811252e-05 1.276897910429397598e-05 2.175933150283526629e-05 1.004152417182922363e+00
5.186704584048129618e-05 1.332973897660849616e-05 2.311671960342209786e-05 1.004131078720092773e+00
2.867210787371732295e-05 8.991571121441666037e-06 1.250565219379495829e-05 1.004169702529907227e+00
4.055408498970791698e-05 9.034483809955418110e-06 1.668225922912824899e-05 1.004153370857238770e+00
3.106256190221756697e-05 1.354819596599554643e-05 1.646989221626427025e-05 1.004158020019531250e+00
2.864019188564270735e-05 9.455699000682216138e-06 1.994664307858329266e-05 1.004161357879638672e+00
3.970811667386442423e-05 9.000579666462726891e-06 1.987338691833429039e-05 1.004151105880737305e+00
2.900725303334183991e-05 9.463396963838022202e-06 1.613139829714782536e-05 1.004164934158325195e+00
4.709460336016491055e-05 1.151932065113214776e-05 2.165680052712559700e-05 1.004139661788940430e+00
3.425582690397277474e-05 1.110147331928601488e-05 2.330920870008412749e-05 1.004150748252868652e+00
3.509418456815183163e-05 1.244331178895663470e-05 1.708174022496677935e-05 1.004155158996582031e+00
3.374049265403300524e-05 1.378206889057764784e-05 2.615697849250864238e-05 1.004145979881286621e+00
5.009916276321746409e-05 1.257136955246096477e-05 2.267167656100355089e-05 1.004134297370910645e+00
2.865581700461916625e-05 8.114148840832058340e-06 1.402647103532217443e-05 1.004168987274169922e+00
3.385758100193925202e-05 9.479146683588624001e-06 1.816134863474871963e-05 1.004157900810241699e+00
3.862091762130148709e-05 8.971949682745616883e-06 1.537890420877374709e-05 1.004156231880187988e+00
3.232598101021721959e-05 9.504336048848927021e-06 1.595713365531992167e-05 1.004161477088928223e+00
3.286831997684203088e-05 9.314510862168390304e-06 1.953976061486173421e-05 1.004157662391662598e+00
5.075168519397266209e-05 1.324315689998911694e-05 1.799086930986959487e-05 1.004137396812438965e+00
2.941883758467156440e-05 9.439439054403919727e-06 1.922501178341917694e-05 1.004161596298217773e+00
3.536221265676431358e-05 8.775621608947403729e-06 1.695984428806696087e-05 1.004158139228820801e+00
4.078172423760406673e-05 8.058726962190121412e-06 1.843069003371056169e-05 1.004152655601501465e+00
2.505600969016086310e-05 9.089211744139902294e-06 1.688658085186034441e-05 1.004168272018432617e+00
3.148854375467635691e-05 1.131982207880355418e-05 1.684583003225270659e-05 1.004160046577453613e+00
3.719981032190844417e-05 1.112648260459536687e-05 2.004097041208297014e-05 1.004150986671447754e+00
3.238942736061289907e-05 9.746369869390036911e-06 1.846179111453238875e-05 1.004159212112426758e+00
2.819855399138759822e-05 8.043179150263313204e-06 1.361594058835180476e-05 1.004169583320617676e+00
3.940480382880195975e-05 9.496106940787285566e-06 2.888330709538422525e-05 1.004141449928283691e+00
3.532326445565558970e-05 1.038227583194384351e-05 2.374726682319305837e-05 1.004149913787841797e+00
3.321616895846091211e-05 9.276126547774765640e-06 2.448035047564189881e-05 1.004152774810791016e+00
3.909625229425728321e-05 1.168422841146821156e-05 2.809570287354290485e-05 1.004140615463256836e+00
4.310714575694873929e-05 1.100202553061535582e-05 2.481194132997188717e-05 1.004140377044677734e+00
3.782761268666945398e-05 1.106796298699919134e-05 3.824203304247930646e-05 1.004132390022277832e+00
2.896609657909721136e-05 8.725111911189742386e-06 1.876383066701237112e-05 1.004163146018981934e+00
2.646315624588169158e-05 1.390562374581350014e-05 1.635046282899565995e-05 1.004162669181823730e+00
2.841260356944985688e-05 9.705302545626182109e-06 2.518513792892917991e-05 1.004156231880187988e+00
2.379130091867409647e-05 7.276119504240341485e-06 1.620153125259093940e-05 1.004172444343566895e+00
2.800426773319486529e-05 8.333529876836109906e-06 1.671878089837264270e-05 1.004166364669799805e+00
3.092554470640607178e-05 8.631443051854148507e-06 1.904867713165003806e-05 1.004160881042480469e+00
3.367427780176512897e-05 8.387480193050578237e-06 1.857694041973445565e-05 1.004158735275268555e+00
3.551448753569275141e-05 8.505397090630140156e-06 1.640805567149072886e-05 1.004159331321716309e+00
4.155621718382462859e-05 8.883272130333352834e-06 2.292170574946794659e-05 1.004146695137023926e+00
3.443692912696860731e-05 8.681838153279386461e-06 2.230616337328683585e-05 1.004154205322265625e+00
3.759854371310211718e-05 6.597290848731063306e-06 1.748575232340954244e-05 1.004157900810241699e+00
3.775968798436224461e-05 7.387299319816520438e-06 2.001853681576903909e-05 1.004154205322265625e+00
3.527201261022128165e-05 9.267651876143645495e-06 1.912423977046273649e-05 1.004155993461608887e+00
2.973035770992282778e-05 9.257260899175889790e-06 1.636946581129450351e-05 1.004164099693298340e+00
3.784936416195705533e-05 7.401650691463146359e-06 1.394029095536097884e-05 1.004160284996032715e+00
4.625061774277128279e-05 8.085582521744072437e-06 1.725548281683586538e-05 1.004148244857788086e+00
4.910334246233105659e-05 9.694529580883681774e-06 2.734168811002746224e-05 1.004133582115173340e+00
3.297905277577228844e-05 8.110350790957454592e-06 1.931066799443215132e-05 1.004159331321716309e+00
5.296746530802920461e-05 1.108326068788301200e-05 1.997694926103577018e-05 1.004135489463806152e+00
4.124602128285914660e-05 1.016410078591434285e-05 2.351945113332476467e-05 1.004144549369812012e+00
5.019739546696655452e-05 8.329738193424418569e-06 1.916257861012127250e-05 1.004141926765441895e+00
4.474081288208253682e-05 7.541133982158498839e-06 1.555688322696369141e-05 1.004151701927185059e+00
4.993893162463791668e-05 1.321158197242766619e-05 3.767685848288238049e-05 1.004118919372558594e+00
4.566651477944105864e-05 7.008844931988278404e-06 2.012967888731509447e-05 1.004146456718444824e+00
5.380793299991637468e-05 8.307736607093829662e-06 2.174103428842499852e-05 1.004135847091674805e+00
7.937112241052091122e-05 1.155787595052970573e-05 2.731343010964337736e-05 1.004101276397705078e+00
2.838502041413448751e-05 8.073723620327655226e-06 1.439838251826586202e-05 1.004168868064880371e+00
6.544503412442281842e-05 1.184882876259507611e-05 2.047538509941659868e-05 1.004121780395507812e+00
3.487281355774030089e-05 7.486788945243461058e-06 1.591251020727213472e-05 1.004161000251770020e+00
4.062073639943264425e-05 9.652620974520687014e-06 2.832119389495346695e-05 1.004140734672546387e+00
3.537583688739687204e-05 8.616245395387522876e-06 2.130308166670147330e-05 1.004154205322265625e+00
4.001174238510429859e-05 7.386406196019379422e-06 2.154354115191381425e-05 1.004150867462158203e+00
4.195126166450791061e-05 1.174554927274584770e-05 2.151647095161024481e-05 1.004144430160522461e+00
3.138717511319555342e-05 7.963873031258117408e-06 1.609643004485405982e-05 1.004163980484008789e+00
4.340885061537846923e-05 8.173855349014047533e-06 1.613960193935781717e-05 1.004152059555053711e+00
4.968088978785090148e-05 8.897076440916862339e-06 1.783118568710051477e-05 1.004142761230468750e+00
4.234906009514816105e-05 8.318748768942896277e-06 1.926302138599567115e-05 1.004149556159973145e+00
6.008611308061517775e-05 7.812036528775934130e-06 1.782129038474522531e-05 1.004134178161621094e+00
6.722757098032161593e-05 1.073963449016446248e-05 2.615217817947268486e-05 1.004115581512451172e+00
4.517852721619419754e-05 8.897211046132724732e-06 2.524332012399099767e-05 1.004139900207519531e+00
6.183329242048785090e-05 7.428269782394636422e-06 1.755715493345633149e-05 1.004132509231567383e+00
5.736412640544585884e-05 9.000132195069454610e-06 2.333914017071947455e-05 1.004129528999328613e+00
5.402325041359290481e-05 6.361085979733616114e-06 1.534174407424870878e-05 1.004143953323364258e+00
3.928704609279520810e-05 5.893968136660987511e-06 1.362453804176766425e-05 1.004160881042480469e+00
5.690375837730243802e-05 8.364644600078463554e-06 2.000120002776384354e-05 1.004134297370910645e+00
5.195820267545059323e-05 8.010384590306784958e-06 1.723963760014157742e-05 1.004142403602600098e+00
6.808979378547519445e-05 8.141420948959421366e-06 1.799887650122400373e-05 1.004125833511352539e+00
8.856202475726604462e-05 9.152369784715119749e-06 2.323399712622631341e-05 1.004098296165466309e+00
4.728805652121081948e-05 9.492625395068898797e-06 1.786080611054785550e-05 1.004145145416259766e+00
3.250797090004198253e-05 8.722015991224907339e-06 2.559128915891051292e-05 1.004152655601501465e+00
6.354066863423213363e-05 5.803934527648380026e-06 2.356846198381390423e-05 1.004126548767089844e+00
7.131840538932010531e-05 7.797097168804612011e-06 2.019133717112708837e-05 1.004120230674743652e+00
5.449126547318883240e-05 6.913422566867666319e-06 1.881032039818819612e-05 1.004139661788940430e+00
5.154340033186599612e-05 6.604038389923516661e-06 1.780537422746419907e-05 1.004143595695495605e+00
6.158542964840307832e-05 9.830027920543216169e-06 2.569145908637437969e-05 1.004122495651245117e+00
7.867142994655296206e-05 8.657980288262479007e-06 2.319672785233706236e-05 1.004109144210815430e+00
2.009130112128332257e-04 6.902229415572946891e-06 2.739414776442572474e-05 1.003984451293945312e+00
1.237241231137886643e-04 9.176252206088975072e-06 2.960213714686688036e-05 1.004056930541992188e+00
9.235351899405941367e-05 6.891595603519817814e-06 1.978587351914029568e-05 1.004100918769836426e+00
8.464230631943792105e-05 6.937631496839458123e-06 2.240614048787392676e-05 1.004105806350708008e+00
1.130963792093098164e-04 1.126777442550519481e-05 2.953245348180644214e-05 1.004065871238708496e+00
1.348790974589064717e-04 1.104907369153806940e-05 3.717778599821031094e-05 1.004036545753479004e+00
6.737305666320025921e-04 1.225494906975654885e-05 2.383211176493205130e-05 1.003509998321533203e+00
1.420371845597401261e-04 7.756814738968387246e-06 1.604865428816992790e-05 1.004053950309753418e+00
4.833505372516810894e-04 6.482076514657819644e-06 2.166725244023837149e-05 1.003707885742187500e+00
4.767907958012074232e-04 8.007923497643787414e-06 2.076222881441935897e-05 1.003714203834533691e+00
2.233703708043321967e-04 7.781572094245348126e-06 2.338596823392435908e-05 1.003964900970458984e+00
1.204240033985115588e-04 7.024610567896161228e-06 1.669851917540654540e-05 1.004075407981872559e+00
2.333247393835335970e-04 7.969588295964058489e-06 1.594608147570397705e-05 1.003962159156799316e+00
4.215576918795704842e-04 6.543143626913661137e-06 1.671049176366068423e-05 1.003774523735046387e+00
5.180750158615410328e-04 8.064790563366841525e-06 1.826269726734608412e-05 1.003675103187561035e+00
1.609876053407788277e-03 4.901371084997663274e-06 1.397458163410192356e-05 1.002590894699096680e+00
6.992145790718495846e-04 5.846467956871492788e-06 1.573085501149762422e-05 1.003498435020446777e+00
1.207383465953171253e-03 5.130770659889094532e-06 1.714800418994855136e-05 1.002989411354064941e+00
6.786938174627721310e-04 6.155747087177587673e-06 2.185450648539699614e-05 1.003512859344482422e+00
6.035529542714357376e-03 5.617689566861372441e-06 2.316529571544378996e-05 9.981551170349121094e-01
5.337747279554605484e-03 4.607181836036033928e-06 1.691957550065126270e-05 9.988606572151184082e-01
4.155192989856004715e-03 5.937683908996405080e-06 2.322354521311353892e-05 1.000035166740417480e+00
1.549659064039587975e-03 5.826837877975776792e-06 3.168524926877580583e-05 1.002632617950439453e+00
6.924663204699754715e-03 8.525664270564448088e-06 1.399489974573953077e-05 9.972723722457885742e-01
9.177085943520069122e-03 6.431040674215182662e-06 2.744724588410463184e-05 9.950081110000610352e-01
1.800424978137016296e-02 4.232321771269198507e-06 1.584157143952324986e-05 9.861951470375061035e-01
5.801997147500514984e-03 4.554030056169722229e-06 1.348793557554017752e-05 9.983994960784912109e-01
2.799448370933532715e-02 4.691327831096714363e-06 1.759837869030889124e-05 9.762024879455566406e-01
3.493870049715042114e-02 3.678454504552064463e-06 1.295712900173384696e-05 9.692640304565429688e-01
3.064496070146560669e-02 3.106412123088375665e-06 8.738215910852886736e-06 9.735625386238098145e-01
5.224137753248214722e-02 3.242264028813224286e-06 1.326866095041623339e-05 9.519617557525634766e-01
6.990107148885726929e-02 2.182658818128402345e-06 7.883456419222056866e-06 9.343084096908569336e-01
9.109345078468322754e-02 2.797141860355623066e-06 8.035471182665787637e-06 9.131154417991638184e-01
1.118136644363403320e-01 2.915104687417624518e-06 1.084327868738910183e-05 8.923920392990112305e-01
2.322620451450347900e-01 2.505292968635330908e-06 9.671565749158617109e-06 7.719449996948242188e-01
2.912576198577880859e-01 2.271244738949462771e-06 6.595686954824486747e-06 7.129532098770141602e-01
4.112911224365234375e-01 5.636624678118096199e-07 4.096753855264978483e-06 5.929235816001892090e-01
5.239243507385253906e-01 6.903742928443534765e-07 1.532639089418807998e-06 4.802928268909454346e-01
7.105877995491027832e-01 3.869873808071133681e-07 1.094688400371524040e-06 2.936300933361053467e-01
7.862932682037353516e-01 3.476021390724781668e-07 1.761103021635790356e-06 2.179240584373474121e-01
9.096463322639465332e-01 6.465179325232384144e-08 4.439475276285520522e-08 9.457316249608993530e-02
9.577240347862243652e-01 2.027158814144058852e-07 4.406270193157979520e-08 4.649493098258972168e-02
9.764678478240966797e-01 8.336388801488681111e-10 4.118440255496125246e-09 2.775200083851814270e-02
9.945113062858581543e-01 5.218689924646469080e-09 1.214843087238293151e-10 9.708186611533164978e-03
1.001317501068115234e+00 1.180127722025811968e-14 1.072618361657091436e-15 2.901983214542269707e-03
1.003848910331726074e+00 7.229753768338024393e-17 1.315252347002448738e-14 3.702772082760930061e-04
1.003495812416076660e+00 1.540984851819816872e-18 2.699989153214129423e-17 7.231987547129392624e-04
1.004132390022277832e+00 1.137473348396470714e-17 6.438497755371962519e-15 8.706858352525159717e-05
1.004159331321716309e+00 2.689815656921635175e-21 5.370232312574423184e-18 6.031071825418621302e-05
1.004145264625549316e+00 6.188350511243111049e-22 5.874248969439468315e-19 7.403777271974831820e-05
1.004184603691101074e+00 1.061487573750793260e-22 7.442463211157247175e-20 3.495840428513474762e-05
1.004192471504211426e+00 3.009379713395135118e-23 7.247033390388498145e-20 2.710560511332005262e-05
1.004184246063232422e+00 1.068568111557018424e-21 5.386773663003496287e-20 3.488262518658302724e-05
1.004197359085083008e+00 1.220432743629404952e-23 2.024130830639005600e-20 2.221766771981492639e-05
1.004203557968139648e+00 1.265245880616657058e-23 2.076375848933538928e-20 1.623262141947634518e-05
1.004204154014587402e+00 5.494238316730219887e-24 1.059052424507425862e-20 1.547972533444408327e-05
1.004209399223327637e+00 2.506002442177723548e-24 5.711530668384853661e-21 1.059139322023838758e-05
1.004209876060485840e+00 1.737380157910609411e-24 5.782448885110988116e-21 9.820394552662037313e-06
1.004211425781250000e+00 1.232249051685665227e-24 3.271038274468889844e-21 8.465569408144801855e-06
1.004213333129882812e+00 5.128885671516613089e-25 1.617971336605474229e-21 6.871565801702672616e-06
1.004213929176330566e+00 4.562558976391988372e-25 1.633690292598878462e-21 6.462593319156439975e-06
1.004214882850646973e+00 3.521844859455919049e-25 1.145492576375986344e-21 5.564031653193524107e-06
1.004215240478515625e+00 2.764283736282781058e-25 9.676057296696455028e-22 5.089288606541231275e-06
1.004215836524963379e+00 2.194103702155184579e-25 7.680859188049926458e-22 4.798880581802222878e-06
1.004215836524963379e+00 1.775858648151704297e-25 6.541033182571872653e-22 4.553148301056353375e-06
1.004216670989990234e+00 1.752017422703178709e-25 6.034738971939661557e-22 4.121891834074631333e-06
1.004217147827148438e+00 1.292746054949965978e-25 5.024599679796024727e-22 3.863085112243425101e-06
1.004217267036437988e+00 9.106986231396504670e-26 3.695279439899786728e-22 3.396146439627045766e-06
1.004217624664306641e+00 8.266270047608855417e-26 3.219789174765625042e-22 3.233959887438686565e-06
1.004218101501464844e+00 7.651261143649328331e-26 3.083538381393300236e-22 3.060215476580196992e-06
1.004218339920043945e+00 5.486568271452562565e-26 2.324910917463682006e-22 2.714400125114480034e-06
1.004218578338623047e+00 4.927682198667643940e-26 2.098229275102399974e-22 2.482299350958783180e-06
1.004218459129333496e+00 4.563527056634114283e-26 1.898053232938799103e-22 2.503843006707029417e-06
1.004218816757202148e+00 4.067134791279837095e-26 1.603748666733544244e-22 2.243753897346323356e-06
1.004218935966491699e+00 3.764767179647743187e-26 1.570286070658282771e-22 2.229484834970207885e-06
1.004219055175781250e+00 3.371155786523986288e-26 1.485995967391055571e-22 2.114964900101767853e-06
1.004218816757202148e+00 3.358884069067141923e-26 1.449728813025552357e-22 2.164319312214502133e-06
1.004219174385070801e+00 2.467013337063821074e-26 1.133111221452812553e-22 1.941190475918119773e-06
1.004219174385070801e+00 2.584783490939913893e-26 1.105886053891824993e-22 1.856978315117885359e-06
1.004219293594360352e+00 2.275181778287910426e-26 1.022011838093830311e-22 1.783836410140793305e-06
1.004219293594360352e+00 2.097404577725368969e-26 9.719777356458996691e-23 1.719869374028348830e-06
1.004219412803649902e+00 2.019370980833851354e-26 9.440095873299387520e-23 1.739961021485214587e-06
1.004219412803649902e+00 1.946477151703518844e-26 8.534104269782435704e-23 1.638592152630735654e-06
1.004219293594360352e+00 1.826957637140340210e-26 8.354775991186526063e-23 1.652137257224239875e-06
1.004219412803649902e+00 1.591942414928192307e-26 7.635054011142704616e-23 1.569594019201758783e-06
1.004219412803649902e+00 1.536686252228558103e-26 7.401226803593058242e-23 1.494546381763939280e-06
1.004219532012939453e+00 1.530115133332704405e-26 7.114988939677976197e-23 1.467429115109553095e-06
1.004219532012939453e+00 1.445648776352537872e-26 6.905007419571350567e-23 1.356385268991289195e-06
1.004219412803649902e+00 1.364448026186074336e-26 6.436829831919715243e-23 1.403656369802774861e-06
1.004219532012939453e+00 1.286352876573534105e-26 6.070624822498017143e-23 1.352706590296293143e-06
1.004219532012939453e+00 1.235672415272972871e-26 5.878787103211474785e-23 1.346229169030266348e-06
1.004219412803649902e+00 1.253835552429697791e-26 5.959356307360955516e-23 1.317321220994926989e-06
1.004219651222229004e+00 1.194316767502750205e-26 5.753107677057835714e-23 1.278066065424354747e-06
1.004219532012939453e+00 1.160194527417657119e-26 5.509788895096570126e-23 1.264641809939348605e-06
1.004219532012939453e+00 1.113623769506824920e-26 5.353177286216128917e-23 1.249597403329971712e-06
1.004219651222229004e+00 1.088554324606725148e-26 5.243782473501148238e-23 1.211054950545076281e-06
1.004219651222229004e+00 1.088774111731978619e-26 5.265026813223112174e-23 1.194638230117561761e-06
1.004219532012939453e+00 1.064897895988223404e-26 5.082570543365820177e-23 1.193234538732212968e-06
1.004219651222229004e+00 1.045731349330472734e-26 5.081746341492045264e-23 1.195681988974683918e-06
1.004219651222229004e+00 1.028119336286633666e-26 4.941702389343055745e-23 1.139118694482021965e-06
1.004219651222229004e+00 1.017352386413937937e-26 4.895959816437272243e-23 1.152407435256463941e-06
1.004219651222229004e+00 9.955201216015620065e-27 4.821128155423644975e-23 1.134633862420741934e-06
1.004219651222229004e+00 9.871806908679697243e-27 4.823824797542052482e-23 1.122905018746678252e-06
1.004219651222229004e+00 9.748770029740485313e-27 4.683600354017948396e-23 1.107097546082513873e-06
1.004219651222229004e+00 9.648207982880294670e-27 4.627933910924484565e-23 1.107505340769421309e-06
1.004219651222229004e+00 9.638716229742376617e-27 4.687090274662646152e-23 1.101047473639482632e-06
1.004219651222229004e+00 9.579711128850195995e-27 4.668112174549201138e-23 1.099150608752097469e-06
1.004219651222229004e+00 9.401180504493410251e-27 4.578414272004502858e-23 1.090888758881192189e-06
1.004219651222229004e+00 9.435700102444629311e-27 4.562013853784958023e-23 1.080240735973347910e-06
1.004219651222229004e+00 9.389823680797347598e-27 4.545311144066532496e-23 1.084945893126132432e-06
1.004219651222229004e+00 9.437619099041216753e-27 4.569676533073912843e-23 1.076770786312408745e-06
1.004219651222229004e+00 9.282946894835500087e-27 4.499133435485429083e-23 1.069857262336881831e-06
1.004219651222229004e+00 9.305973313250593878e-27 4.516727873571116442e-23 1.067784864972054493e-06
1.004219651222229004e+00 9.227629564600832144e-27 4.483867714791954151e-23 1.067658558895345777e-06
1.004219651222229004e+00 9.320353076587366736e-27 4.501655266027239614e-23 1.062004912455449812e-06
1.004219651222229004e+00 9.260521366563055112e-27 4.483768633862258392e-23 1.063255353983549867e-06
1.004219651222229004e+00 9.265928607474916716e-27 4.493627501911348509e-23 1.065625951923721004e-06
1.004219651222229004e+00 9.256054749836032235e-27 4.491718774065075749e-23 1.063522404365357943e-06
1.004219651222229004e+00 9.241113385327476059e-27 4.489666473534052765e-23 1.061888269759947434e-06
1.004219651222229004e+00 9.263153727611043586e-27 4.509782111072826478e-23 1.066379013536788989e-06
1.004219651222229004e+00 9.217033098046813572e-27 4.476404775084201291e-23 1.065955984813626856e-06
1.004219651222229004e+00 9.286365035300798553e-27 4.506209202260899471e-23 1.067815560418239329e-06
1.004219651222229004e+00 9.210092816899219729e-27 4.460557821675759518e-23 1.060105546457634773e-06
1.004219651222229004e+00 9.258507614213203819e-27 4.493694397316111251e-23 1.062054479916696437e-06
1.004219651222229004e+00 9.264464900717182416e-27 4.501761920021625495e-23 1.062534579432394821e-06
1.004219651222229004e+00 9.216033155219687719e-27 4.486900411655985809e-23 1.064323555510782171e-06
1.004219651222229004e+00 9.227821387223293112e-27 4.474138851020044457e-23 1.061824718817661051e-06
1.004219651222229004e+00 9.229904473051142347e-27 4.485370652588581223e-23 1.061953980752150528e-06
1.004219651222229004e+00 9.225645856758113291e-27 4.471875766855146418e-23 1.061526972989668138e-06
1.004219651222229004e+00 9.250984931850427275e-27 4.468899552431928585e-23 1.061598936757945921e-06
1.004219651222229004e+00 9.230506903937746674e-27 4.479518882393651757e-23 1.060912495631782804e-06
1.004219651222229004e+00 9.256947610958250157e-27 4.489173277696108588e-23 1.065636411112791393e-06
1.004219651222229004e+00 9.220112274841899885e-27 4.465935644238832199e-23 1.057575786944653373e-06
1.004219651222229004e+00 9.211824613105212731e-27 4.461953789933638620e-23 1.060543809217051603e-06
1.004219651222229004e+00 9.248694615960561974e-27 4.488458254171616263e-23 1.064631646841007750e-06
1.004219651222229004e+00 9.249296276475188547e-27 4.490927073260595942e-23 1.061970692717295606e-06
1.004219651222229004e+00 9.217715647619104408e-27 4.468859478297943357e-23 1.059152964444365352e-06
1.004219651222229004e+00 9.221287092107976098e-27 4.471812342438366649e-23 1.061637362909095827e-06
1.004219651222229004e+00 9.237062769468440825e-27 4.472806307178945124e-23 1.061539819602330681e-06
1.004219651222229004e+00 9.294320666715073347e-27 4.497876306746868879e-23 1.067117977981979493e-06
1.004219651222229004e+00 9.251887807808356011e-27 4.487325134367356802e-23 1.060495833371533081e-06
1.004219651222229004e+00 9.214094128951678650e-27 4.466884486135632032e-23 1.062544242813601159e-06
1.004219651222229004e+00 9.246965130870502237e-27 4.480805041213524095e-23 1.062759565684245899e-06
1.004219651222229004e+00 9.233804096002537622e-27 4.476920059027491656e-23 1.061917714650917333e-06
1.004219651222229004e+00 9.235621403498061417e-27 4.478607590275940445e-23 1.060903855432115961e-06
1.004219651222229004e+00 9.260677752074539356e-27 4.480222546321108900e-23 1.059166038430703338e-06
1.004219651222229004e+00 9.301109184583049476e-27 4.513782266951021184e-23 1.068296910489152651e-06
1.004219651222229004e+00 9.233757873683872328e-27 4.467178889025460514e-23 1.058602265402441844e-06
1.004219651222229004e+00 9.247494376419219849e-27 4.492415496016566947e-23 1.062972273757623043e-06
1.004219651222229004e+00 9.304199916957802112e-27 4.516494370743171023e-23 1.067350694938795641e-06
1.004219651222229004e+00 9.243174130367970402e-27 4.476780903963810670e-23 1.061844045580073725e-06
1.004219651222229004e+00 9.270558543061223631e-27 4.484247945748270679e-23 1.065734750227420591e-06
1.004219651222229004e+00 9.260898078460177256e-27 4.474224679086532503e-23 1.068312030838569626e-06
1.004219651222229004e+00 9.196823929954369429e-27 4.459579634153285463e-23 1.056690507539315149e-06
