2.025878638960421085e-04 2.534290542826056480e-04 1.654592924751341343e-04 9.993783831596374512e-01
1.770297531038522720e-04 2.105042221955955029e-04 1.429719704901799560e-04 9.994698166847229004e-01
1.912536536110565066e-04 1.968817377928644419e-04 1.428159448551014066e-04 9.994689822196960449e-01
1.709123171167448163e-04 1.995028724195435643e-04 1.361102913506329060e-04 9.994934797286987305e-01
1.926028926391154528e-04 2.207783691119402647e-04 1.465831446694210172e-04 9.994402527809143066e-01
1.948760182131081820e-04 2.490731421858072281e-04 1.313758839387446642e-04 9.994247555732727051e-01
1.713519886834546924e-04 2.210984530393034220e-04 1.333975087618455291e-04 9.994740486145019531e-01
2.086048334604129195e-04 2.326060493942350149e-04 1.489307760493829846e-04 9.994093179702758789e-01
2.113806549459695816e-04 2.466676523908972740e-04 1.558789517730474472e-04 9.993862509727478027e-01
1.845953956944867969e-04 2.347456611460074782e-04 1.596610236447304487e-04 9.994210004806518555e-01
1.923899399116635323e-04 1.990665186895057559e-04 1.421951164957135916e-04 9.994658827781677246e-01
2.416093193460255861e-04 2.403145335847511888e-04 1.618413516553118825e-04 9.993562698364257812e-01
2.218332519987598062e-04 2.539392153266817331e-04 1.515101175755262375e-04 9.993726611137390137e-01
2.164301986340433359e-04 2.488153986632823944e-04 1.626994198886677623e-04 9.993720650672912598e-01
2.278148313052952290e-04 2.741758362390100956e-04 1.710845244815573096e-04 9.993265867233276367e-01
1.910789869725704193e-04 2.083784202113747597e-04 1.357802102575078607e-04 9.994646310806274414e-01
2.119723649229854345e-04 2.141288277925923467e-04 1.550383749417960644e-04 9.994190931320190430e-01
1.970652519958093762e-04 2.252182748634368181e-04 1.556445931782945991e-04 9.994216561317443848e-01
2.128756314050406218e-04 2.517022658139467239e-04 1.485683314967900515e-04 9.993869066238403320e-01
2.150797372451052070e-04 2.554315724410116673e-04 1.774762931745499372e-04 9.993519783020019531e-01
1.973118633031845093e-04 2.224982745246961713e-04 1.612065680092200637e-04 9.994187355041503906e-01
1.855304144555702806e-04 1.973539183381944895e-04 1.406031515216454864e-04 9.994764328002929688e-01
2.608040522318333387e-04 2.752354193944483995e-04 1.761307503329589963e-04 9.992883205413818359e-01
1.896514877444133162e-04 2.207566722063347697e-04 1.679200795479118824e-04 9.994219541549682617e-01
1.927686389535665512e-04 2.139498101314529777e-04 1.506411208538338542e-04 9.994426965713500977e-01
1.983439142350107431e-04 2.508988254703581333e-04 1.458503975300118327e-04 9.994049668312072754e-01
1.875194720923900604e-04 2.201128081651404500e-04 1.493716554250568151e-04 9.994432330131530762e-01
1.843870559241622686e-04 2.173139946535229683e-04 1.660942507442086935e-04 9.994319677352905273e-01
2.649208181537687778e-04 2.608800714369863272e-04 1.564294361742213368e-04 9.993174672126770020e-01
2.426604914944618940e-04 2.420735254418104887e-04 1.704778842395171523e-04 9.993446469306945801e-01
2.034558565355837345e-04 2.446634171064943075e-04 1.578195806359872222e-04 9.993943572044372559e-01
2.299641928402706981e-04 2.331252762814983726e-04 1.951869635377079248e-04 9.993419051170349121e-01
2.209766389569267631e-04 2.338187478017061949e-04 1.568607840454205871e-04 9.993881583213806152e-01
2.183446049457415938e-04 2.575598773546516895e-04 1.853655558079481125e-04 9.993385672569274902e-01
2.147473715012893081e-04 2.088675537379458547e-04 1.479193888371810317e-04 9.994280934333801270e-01
1.918844354804605246e-04 2.030318428296595812e-04 1.469604321755468845e-04 9.994578957557678223e-01
1.641328417463228106e-04 2.154221583623439074e-04 1.381782058160752058e-04 9.994823932647705078e-01
1.930002763401716948e-04 2.200554881710559130e-04 1.302479358855634928e-04 9.994564652442932129e-01
2.100443089148029685e-04 2.120953868143260479e-04 1.565865240991115570e-04 9.994211196899414062e-01
2.029580646194517612e-04 2.036700316239148378e-04 1.437595783500000834e-04 9.994496107101440430e-01
2.052345371339470148e-04 2.138235577149316669e-04 1.408630341757088900e-04 9.994404315948486328e-01
2.187465870520099998e-04 2.205310738645493984e-04 1.597039372427389026e-04 9.994010925292968750e-01
2.071994385914877057e-04 2.567360934335738420e-04 1.700738066574558616e-04 9.993661046028137207e-01
1.941553637152537704e-04 2.202452596975490451e-04 1.359489251626655459e-04 9.994494318962097168e-01
2.338696212973445654e-04 2.173438260797411203e-04 1.891326101031154394e-04 9.993597269058227539e-01
1.907678233692422509e-04 2.140888100257143378e-04 1.755084231263026595e-04 9.994198679924011230e-01
2.129939093720167875e-04 2.623695472721010447e-04 1.584000128787010908e-04 9.993662834167480469e-01
2.123373124049976468e-04 2.706048253457993269e-04 1.640087721170857549e-04 9.993530511856079102e-01
2.213104889960959554e-04 2.388641441939398646e-04 1.596700603840872645e-04 9.993803501129150391e-01
2.332610893063247204e-04 2.632111427374184132e-04 1.698039122857153416e-04 9.993336200714111328e-01
2.058785757981240749e-04 2.490143524482846260e-04 1.619523245608434081e-04 9.993829131126403809e-01
2.333246811758726835e-04 2.332686271984130144e-04 1.678662229096516967e-04 9.993655085563659668e-01
1.879139163065701723e-04 2.079544210573658347e-04 1.602062984602525830e-04 9.994434118270874023e-01
1.820432662498205900e-04 2.521720598451793194e-04 1.425605150870978832e-04 9.994231462478637695e-01
2.003152185352519155e-04 2.208572259405627847e-04 1.480100909247994423e-04 9.994308352470397949e-01
1.757688296493142843e-04 2.155453694285824895e-04 1.371860853396356106e-04 9.994717836380004883e-01
2.138001582352444530e-04 1.986951247090473771e-04 1.574159687152132392e-04 9.994303584098815918e-01
2.453177294228225946e-04 2.795899054035544395e-04 1.882604410639032722e-04 9.992871880531311035e-01
1.999888045247644186e-04 2.472222258802503347e-04 1.447435643058270216e-04 9.994081854820251465e-01
2.162805758416652679e-04 2.113697992172092199e-04 1.274334499612450600e-04 9.994449019432067871e-01
2.098165859933942556e-04 2.070489717880263925e-04 1.390874967910349369e-04 9.994441270828247070e-01
2.471589541528373957e-04 2.284277725266292691e-04 1.676699030213057995e-04 9.993564486503601074e-01
2.678585879039019346e-04 2.717901661526411772e-04 1.616035588085651398e-04 9.992989301681518555e-01
1.999215310206636786e-04 2.670125104486942291e-04 1.443708606529980898e-04 9.993886351585388184e-01
2.108884073095396161e-04 2.171781816286966205e-04 1.556537899887189269e-04 9.994164109230041504e-01
2.139909920515492558e-04 1.988418662222102284e-04 1.463862427044659853e-04 9.994407892227172852e-01
2.153747482225298882e-04 2.147854393115267158e-04 1.455934834666550159e-04 9.994238615036010742e-01
2.033849887084215879e-04 2.507684112060815096e-04 1.408056850777938962e-04 9.994050860404968262e-01
2.170904190279543400e-04 2.086587483063340187e-04 1.580519747221842408e-04 9.994164705276489258e-01
2.002566470764577389e-04 2.307232352904975414e-04 1.576720678713172674e-04 9.994111061096191406e-01
2.011105825658887625e-04 2.410352608421817422e-04 1.632811618037521839e-04 9.993948340415954590e-01
2.135229151463136077e-04 2.465521101839840412e-04 1.661269488977268338e-04 9.993738532066345215e-01
2.290857082698494196e-04 2.765036188066005707e-04 1.671646896284073591e-04 9.993273019790649414e-01
1.796508149709552526e-04 2.148074272554367781e-04 1.453072472941130400e-04 9.994603395462036133e-01
2.057747478829696774e-04 2.615239645820111036e-04 1.484802196500822902e-04 9.993840456008911133e-01
1.960857334779575467e-04 2.909679024014621973e-04 1.445314846932888031e-04 9.993683695793151855e-01
2.116505929734557867e-04 2.096758107654750347e-04 1.307378697674721479e-04 9.994481205940246582e-01
2.074388175969943404e-04 1.878233160823583603e-04 1.409985416103154421e-04 9.994636774063110352e-01
2.123737067449837923e-04 2.318647602805867791e-04 1.587817823747172952e-04 9.993967413902282715e-01
2.235353604191914201e-04 2.768085687421262264e-04 1.415953738614916801e-04 9.993581771850585938e-01
1.779691810952499509e-04 2.216778957517817616e-04 1.431738201063126326e-04 9.994573593139648438e-01
2.297643950441852212e-04 2.650098467711359262e-04 1.510870642960071564e-04 9.993541240692138672e-01
1.921481452882289886e-04 2.018486266024410725e-04 1.316972484346479177e-04 9.994745254516601562e-01
2.059685211861506104e-04 2.645627246238291264e-04 1.686827599769458175e-04 9.993609786033630371e-01
2.364839747315272689e-04 2.553748490754514933e-04 1.652476785238832235e-04 9.993426799774169922e-01
2.022752159973606467e-04 2.166060003219172359e-04 1.449134288122877479e-04 9.994361996650695801e-01
2.078349352814257145e-04 2.398796495981514454e-04 1.462287473259493709e-04 9.994063377380371094e-01
1.939114299602806568e-04 2.310623240191489458e-04 1.398235908709466457e-04 9.994354844093322754e-01
2.055648801615461707e-04 2.360900398343801498e-04 1.432105345884338021e-04 9.994149208068847656e-01
2.194886328652501106e-04 1.979379158001393080e-04 1.425960363121703267e-04 9.994398951530456543e-01
2.128401392837986350e-04 2.162437885999679565e-04 1.510748843429610133e-04 9.994198083877563477e-01
2.280821645399555564e-04 2.333156589884310961e-04 1.582616532687097788e-04 9.993798136711120605e-01
2.293036086484789848e-04 1.850151893449947238e-04 1.400323817506432533e-04 9.994453191757202148e-01
2.220211608801037073e-04 2.780399227049201727e-04 1.472653966629877687e-04 9.993524551391601562e-01
2.375541225774213672e-04 1.821327459765598178e-04 1.422948698746040463e-04 9.994381070137023926e-01
2.569884236436337233e-04 2.326120011275634170e-04 1.583568955538794398e-04 9.993521571159362793e-01
2.275901788379997015e-04 2.514054358471184969e-04 1.387600641464814544e-04 9.993818998336791992e-01
2.493430511094629765e-04 2.515744999982416630e-04 1.566978608025237918e-04 9.993423819541931152e-01
2.196651912527158856e-04 2.256393345305696130e-04 1.540959201520308852e-04 9.994004964828491211e-01
2.447347505949437618e-04 2.745348610915243626e-04 1.419115142198279500e-04 9.993387460708618164e-01
2.260262263007462025e-04 2.168297360185533762e-04 1.569560408825054765e-04 9.994004964828491211e-01
2.188892685808241367e-04 2.116823307005688548e-04 1.558375079184770584e-04 9.994131922721862793e-01
2.387566928518936038e-04 2.355322358198463917e-04 1.593413035152480006e-04 9.993665814399719238e-01
2.318837359780445695e-04 2.444343699607998133e-04 1.677941618254408240e-04 9.993560314178466797e-01
2.210531820310279727e-04 2.090295456582680345e-04 1.433577563147991896e-04 9.994263052940368652e-01
2.278117754030972719e-04 2.965780731756240129e-04 1.416393351973965764e-04 9.993335604667663574e-01
2.243182680103927851e-04 2.272459969390183687e-04 1.467955007683485746e-04 9.994018077850341797e-01
2.539991110097616911e-04 2.137171395588666201e-04 1.482505904277786613e-04 9.993843436241149902e-01
2.190160157624632120e-04 2.873454359360039234e-04 1.444820372853428125e-04 9.993492364883422852e-01
1.991933531826362014e-04 1.875915768323466182e-04 1.255364622920751572e-04 9.994879961013793945e-01
2.139009156962856650e-04 2.269415126647800207e-04 1.222431019414216280e-04 9.994364976882934570e-01
2.290615957463160157e-04 2.591701340861618519e-04 1.463550433982163668e-04 9.993652105331420898e-01
2.266029623569920659e-04 2.395795600023120642e-04 1.654111547395586967e-04 9.993684887886047363e-01
2.368773566558957100e-04 2.748541592154651880e-04 1.590385800227522850e-04 9.993289113044738770e-01
2.531282952986657619e-04 2.419559314148500562e-04 1.461890205973759294e-04 9.993586540222167969e-01
2.340267383260652423e-04 2.511102356947958469e-04 1.625212171347811818e-04 9.993524551391601562e-01
2.098568947985768318e-04 2.303528017364442348e-04 1.488377456553280354e-04 9.994105696678161621e-01
2.480178081896156073e-04 2.715692971833050251e-04 1.659093686612322927e-04 9.993144273757934570e-01
2.426300052320584655e-04 3.026270715054124594e-04 1.484870153944939375e-04 9.993063807487487793e-01
2.709811378736048937e-04 2.068319590762257576e-04 1.593396882526576519e-04 9.993630051612854004e-01
1.822513295337557793e-04 2.267790841870009899e-04 1.316029956797137856e-04 9.994595646858215332e-01
2.418173971818760037e-04 2.380533842369914055e-04 1.488787384005263448e-04 9.993712902069091797e-01
2.433900081086903811e-04 2.178767754230648279e-04 1.337795256404206157e-04 9.994049072265625000e-01
2.226637589046731591e-04 2.721583296079188585e-04 1.578711526235565543e-04 9.993475675582885742e-01
2.362407831242308021e-04 2.147417981177568436e-04 1.532937458250671625e-04 9.993959665298461914e-01
1.941368100233376026e-04 2.195480774389579892e-04 1.324248587479814887e-04 9.994537234306335449e-01
2.100740966852754354e-04 3.139653999824076891e-04 1.575015921844169497e-04 9.993187189102172852e-01
2.357901976210996509e-04 2.249268873129040003e-04 1.265326718566939235e-04 9.994129538536071777e-01
2.399918594164773822e-04 2.272348210681229830e-04 1.327205391135066748e-04 9.994004368782043457e-01
2.455108624417334795e-04 2.915668301284313202e-04 1.599582319613546133e-04 9.993031024932861328e-01
2.318828337593004107e-04 2.072359930025413632e-04 1.415384613210335374e-04 9.994195699691772461e-01
2.855200727935880423e-04 2.553845988586544991e-04 1.499659992987290025e-04 9.993091821670532227e-01
2.201479073846712708e-04 2.740549098234623671e-04 1.503618550486862659e-04 9.993554353713989258e-01
2.046371810138225555e-04 2.293086872668936849e-04 1.609247701708227396e-04 9.994052052497863770e-01
2.278068568557500839e-04 2.414590562693774700e-04 1.274239184567704797e-04 9.994032979011535645e-01
2.080166741507127881e-04 2.353107120143249631e-04 1.504557149019092321e-04 9.994054436683654785e-01
2.561629517003893852e-04 2.695530129130929708e-04 1.599141687620431185e-04 9.993144273757934570e-01
2.486156590748578310e-04 2.948158653452992439e-04 1.506169501226395369e-04 9.993059635162353516e-01
2.492495405022054911e-04 2.588853822089731693e-04 1.491956500103697181e-04 9.993425011634826660e-01
2.095754898618906736e-04 2.248757955385372043e-04 1.225430169142782688e-04 9.994430541992187500e-01
2.592939126770943403e-04 2.737966424319893122e-04 1.425358495907858014e-04 9.993240833282470703e-01
2.531989011913537979e-04 2.628805232234299183e-04 1.600456307642161846e-04 9.993236064910888672e-01
2.171081578126177192e-04 3.044238546863198280e-04 1.357920409645885229e-04 9.993429183959960938e-01
2.779592759907245636e-04 2.720653137657791376e-04 1.379040913889184594e-04 9.993120431900024414e-01
3.136639134027063847e-04 2.239052264485508204e-04 1.371315738651901484e-04 9.993251562118530273e-01
2.432657929603010416e-04 2.730220439843833447e-04 1.481302169850096107e-04 9.993356466293334961e-01
2.943661238532513380e-04 3.296331560704857111e-04 1.619460672372952104e-04 9.992142915725708008e-01
2.647354267537593842e-04 2.704974322114139795e-04 1.567401923239231110e-04 9.993076920509338379e-01
2.362972300034016371e-04 2.473157946951687336e-04 1.301620359299704432e-04 9.993860125541687012e-01
2.294095320394262671e-04 2.352052397327497602e-04 1.259635901078581810e-04 9.994089603424072266e-01
2.783480158541351557e-04 2.417715295450761914e-04 1.484523818362504244e-04 9.993314146995544434e-01
2.945029700640588999e-04 2.570380456745624542e-04 1.666090829530730844e-04 9.992817640304565430e-01
2.454255009070038795e-04 2.640576858539134264e-04 1.357828732579946518e-04 9.993545413017272949e-01
2.720887423492968082e-04 3.141149936709553003e-04 1.579677918925881386e-04 9.992555379867553711e-01
3.290659224148839712e-04 3.039604634977877140e-04 1.422195782652124763e-04 9.992247819900512695e-01
2.422778488835319877e-04 2.614138356875628233e-04 1.449257688364014030e-04 9.993513226509094238e-01
2.648330701049417257e-04 3.022898454219102859e-04 1.429933909093961120e-04 9.992898106575012207e-01
2.475608780514448881e-04 2.587288618087768555e-04 1.437643222743645310e-04 9.993497729301452637e-01
3.106711083091795444e-04 2.976602700073271990e-04 1.545490813441574574e-04 9.992371201515197754e-01
3.094609128311276436e-04 3.147032984998077154e-04 1.384812057949602604e-04 9.992372989654541016e-01
2.475835499353706837e-04 2.540337445680052042e-04 1.552306493977084756e-04 9.993430376052856445e-01
3.740141401067376137e-04 3.012700763065367937e-04 1.500987564213573933e-04 9.991745948791503906e-01
2.718119940254837275e-04 2.549698110669851303e-04 1.378384768031537533e-04 9.993348121643066406e-01
4.426673403941094875e-04 2.569453790783882141e-04 1.240473648067563772e-04 9.991763830184936523e-01
3.612885193433612585e-04 2.970871864818036556e-04 1.457064499845728278e-04 9.991955161094665527e-01
2.578943967819213867e-04 2.316156314918771386e-04 1.245163148269057274e-04 9.993859529495239258e-01
3.776325029321014881e-04 2.991647925227880478e-04 1.444797962903976440e-04 9.991786479949951172e-01
3.255555930081754923e-04 3.677931381389498711e-04 1.678095431998372078e-04 9.991390705108642578e-01
3.264674742240458727e-04 2.386259002378210425e-04 1.597166410647332668e-04 9.992749094963073730e-01
3.877741692122071981e-04 3.428006020840257406e-04 1.706362236291170120e-04 9.990989565849304199e-01
4.958010395057499409e-04 3.098933084402233362e-04 1.520460355095565319e-04 9.990422129631042480e-01
5.289642140269279480e-04 2.805184922181069851e-04 1.384171337122097611e-04 9.990516901016235352e-01
3.324208082631230354e-04 3.049444640055298805e-04 1.449599949410185218e-04 9.992178678512573242e-01
4.294352547731250525e-04 3.177953185513615608e-04 1.362371403956785798e-04 9.991166591644287109e-01
5.126210744492709637e-04 3.490849339868873358e-04 1.603524433448910713e-04 9.989777803421020508e-01
4.559471854008734226e-04 2.747257240116596222e-04 1.408005628036335111e-04 9.991284608840942383e-01
5.155714461579918861e-04 2.875981444958597422e-04 1.364777417620643973e-04 9.990599155426025391e-01
6.926988135091960430e-04 3.618474584072828293e-04 1.402939524268731475e-04 9.988054633140563965e-01
4.801928880624473095e-04 3.261551319155842066e-04 1.507697888882830739e-04 9.990429282188415527e-01
4.513469175435602665e-04 2.321233623661100864e-04 1.158753439085558057e-04 9.992004632949829102e-01
7.119203219190239906e-04 3.689201839733868837e-04 1.204349464387632906e-04 9.987985491752624512e-01
4.364705819170922041e-04 3.180310013704001904e-04 1.222176942974328995e-04 9.991232156753540039e-01
8.581842994317412376e-04 3.413628146518021822e-04 1.335947599727660418e-04 9.986668825149536133e-01
7.647029706276953220e-04 3.979363827966153622e-04 1.560282544232904911e-04 9.986810684204101562e-01
1.143818604759871960e-03 3.353679785504937172e-04 1.454321463825181127e-04 9.983758330345153809e-01
1.886374084278941154e-03 3.762378764804452658e-04 1.343312760582193732e-04 9.976029992103576660e-01
1.461265608668327332e-03 3.389283083379268646e-04 1.484129024902358651e-04 9.980514049530029297e-01
1.563435536809265614e-03 4.337982099968940020e-04 1.447624090360477567e-04 9.978576898574829102e-01
2.268248004838824272e-03 3.058868751395493746e-04 1.316693233093246818e-04 9.972944259643554688e-01
2.779231639578938484e-03 2.773799060378223658e-04 1.373170525766909122e-04 9.968061447143554688e-01
3.272920148447155952e-03 3.363558789715170860e-04 1.210567497764714062e-04 9.962699413299560547e-01
1.350856968201696873e-03 3.734468773473054171e-04 1.198418540298007429e-04 9.981555938720703125e-01
2.501854207366704941e-03 3.636707260739058256e-04 1.327174541074782610e-04 9.970019459724426270e-01
4.014526959508657455e-03 3.090369573328644037e-04 1.201973354909569025e-04 9.955558180809020996e-01
1.392888138070702553e-03 5.309266271069645882e-04 1.170789546449668705e-04 9.979593157768249512e-01
4.348088521510362625e-03 4.650423652492463589e-04 1.381251640850678086e-04 9.950489401817321777e-01
1.026884000748395920e-02 4.165242135059088469e-04 1.504844258306547999e-04 9.891642928123474121e-01
5.018705036491155624e-03 3.583431243896484375e-04 1.296278787776827812e-04 9.944934844970703125e-01
1.110612135380506516e-02 3.781752602662891150e-04 1.151114774984307587e-04 9.884005784988403320e-01
1.171604357659816742e-02 4.276172257959842682e-04 1.154572819359600544e-04 9.877411127090454102e-01
1.566712372004985809e-02 3.557834133971482515e-04 8.899943350115790963e-05 9.838879704475402832e-01
1.977717131376266479e-02 3.736570070032030344e-04 1.099131768569350243e-04 9.797391295433044434e-01
1.834196969866752625e-02 4.179238458164036274e-04 1.025556339300237596e-04 9.811372160911560059e-01
2.457971684634685516e-02 3.792840579990297556e-04 9.428030170965939760e-05 9.749469161033630371e-01
3.637690469622612000e-02 3.624985401984304190e-04 1.064394309651106596e-04 9.631544351577758789e-01
5.548280104994773865e-02 4.472120199352502823e-04 1.036663816194050014e-04 9.439657330513000488e-01
5.684133246541023254e-02 3.338191017974168062e-04 9.141231566900387406e-05 9.427333474159240723e-01
9.375924617052078247e-02 3.193496959283947945e-04 7.772596291033551097e-05 9.058440327644348145e-01
1.107949391007423401e-01 3.090875979978591204e-04 7.765691407257691026e-05 8.888181447982788086e-01
1.061584725975990295e-01 5.751657881774008274e-04 7.413883577100932598e-05 8.931919932365417480e-01
1.333052515983581543e-01 3.318064264021813869e-04 6.848976045148447156e-05 8.662945032119750977e-01
1.453572809696197510e-01 2.779245551209896803e-04 5.724461880163289607e-05 8.543078303337097168e-01
1.739123910665512085e-01 3.233297320548444986e-04 7.617969095008447766e-05 8.256884217262268066e-01
2.216161042451858521e-01 2.999637508764863014e-04 5.956666063866578043e-05 7.780247330665588379e-01
2.578296959400177002e-01 2.261946647195145488e-04 4.706101390183903277e-05 7.418971657752990723e-01
2.433043420314788818e-01 2.377656783210113645e-04 4.333373726694844663e-05 7.564142346382141113e-01
2.970485687255859375e-01 2.121642755810171366e-04 4.196787631371989846e-05 7.026971578598022461e-01
3.033683598041534424e-01 1.944510295288637280e-04 4.536432243185117841e-05 6.963920593261718750e-01
3.175489604473114014e-01 2.427602594252675772e-04 4.418741809786297381e-05 6.821642518043518066e-01
3.439771533012390137e-01 2.303461515111848712e-04 3.700949309859424829e-05 6.557554602622985840e-01
3.473202884197235107e-01 1.645004231249913573e-04 3.318706149002537131e-05 6.524818539619445801e-01
3.705771565437316895e-01 1.977505889954045415e-04 4.162299228482879698e-05 6.291835904121398926e-01
3.843926489353179932e-01 2.050153270829468966e-04 3.156296588713303208e-05 6.153705716133117676e-01
3.875510990619659424e-01 1.922275841934606433e-04 3.966754229622893035e-05 6.122172474861145020e-01
3.876019716262817383e-01 1.734925754135474563e-04 3.192666554241441190e-05 6.121926307678222656e-01
3.894686102867126465e-01 1.637878012843430042e-04 3.443193782004527748e-05 6.103333234786987305e-01
3.937187194824218750e-01 1.914589083753526211e-04 3.231891969335265458e-05 6.060575246810913086e-01
3.978976309299468994e-01 2.013381745200604200e-04 4.626096415449865162e-05 6.018547415733337402e-01
4.071792960166931152e-01 1.430148258805274963e-04 3.548296081135049462e-05 5.926426053047180176e-01
3.979094922542572021e-01 1.526489504612982273e-04 3.431302684475667775e-05 6.019034981727600098e-01
3.981583416461944580e-01 1.501027145422995090e-04 3.299889431218616664e-05 6.016585826873779297e-01
4.086387753486633301e-01 1.585712161613628268e-04 3.324220961076207459e-05 5.911691188812255859e-01
4.040254354476928711e-01 1.811638212529942393e-04 3.786147499340586364e-05 5.957556962966918945e-01
4.057393074035644531e-01 1.621035335119813681e-04 3.239835496060550213e-05 5.940663814544677734e-01
4.048300087451934814e-01 1.383021299261599779e-04 2.770462924672756344e-05 5.950039625167846680e-01
3.996013402938842773e-01 1.494300522608682513e-04 3.295779242762364447e-05 6.002160906791687012e-01
3.900746703147888184e-01 1.562675752211362123e-04 3.173962250002659857e-05 6.097376942634582520e-01
3.951031565666198730e-01 1.869518455350771546e-04 3.872794695780612528e-05 6.046715974807739258e-01
3.936541974544525146e-01 1.498775818618014455e-04 2.867022885766346008e-05 6.061674952507019043e-01
3.814863860607147217e-01 1.647387834964320064e-04 3.798052057391032577e-05 6.183105707168579102e-01
3.583303689956665039e-01 1.966620038729161024e-04 3.561410267138853669e-05 6.414374709129333496e-01
3.596260845661163330e-01 1.563001278555020690e-04 3.312834451207891107e-05 6.401845812797546387e-01
3.447207510471343994e-01 1.812668633647263050e-04 3.733248740900307894e-05 6.550605893135070801e-01
3.473807275295257568e-01 1.553811162011697888e-04 3.486138302832841873e-05 6.524289846420288086e-01
3.445788621902465820e-01 1.641364942770451307e-04 3.257064236095175147e-05 6.552244424819946289e-01
3.415913581848144531e-01 1.687794865574687719e-04 4.349081427790224552e-05 6.581963896751403809e-01
3.547676205635070801e-01 1.390572870150208473e-04 3.594438021536916494e-05 6.450572013854980469e-01
3.451605439186096191e-01 1.565688435221090913e-04 3.422543522901833057e-05 6.546487808227539062e-01
3.379220366477966309e-01 1.769743685144931078e-04 3.477754216874018312e-05 6.618661880493164062e-01
3.411225676536560059e-01 1.617114903638139367e-04 3.774251308641396463e-05 6.586777567863464355e-01
3.406971991062164307e-01 1.682044676272198558e-04 3.552111957105807960e-05 6.590991020202636719e-01
