8.719121251488104463e-05 1.135033526225015521e-04 9.706268610898405313e-05 9.997016191482543945e-01
9.202825458487495780e-05 1.400772162014618516e-04 1.108463984564878047e-04 9.996567964553833008e-01
8.109516056720167398e-05 9.992295235861092806e-05 8.567698387196287513e-05 9.997335076332092285e-01
8.667101792525500059e-05 1.266030885744839907e-04 1.105927367461845279e-04 9.996760487556457520e-01
8.142383012454956770e-05 1.109106742660515010e-04 9.922043682308867574e-05 9.997082352638244629e-01
7.715200626989826560e-05 1.152751719928346574e-04 9.351690096082165837e-05 9.997139573097229004e-01
8.225743658840656281e-05 1.270005159312859178e-04 1.011909625958651304e-04 9.996896386146545410e-01
9.170140401693060994e-05 1.216559612657874823e-04 8.828759746393188834e-05 9.996984004974365234e-01
8.692951814737170935e-05 1.522472593933343887e-04 1.092218299163505435e-04 9.996510148048400879e-01
7.968240970512852073e-05 1.042972799041308463e-04 9.829582995735108852e-05 9.997179508209228516e-01
7.807541987858712673e-05 1.139947999035939574e-04 9.592432616045698524e-05 9.997121691703796387e-01
1.003869474516250193e-04 1.225964224431663752e-04 1.041558425640687346e-04 9.996728301048278809e-01
9.391508501721546054e-05 1.223752042278647423e-04 8.653866825625300407e-05 9.996971487998962402e-01
8.833564788801595569e-05 1.187309535453096032e-04 1.007047030725516379e-04 9.996923208236694336e-01
1.105338160414248705e-04 1.282117154914885759e-04 1.019698975142091513e-04 9.996593594551086426e-01
9.244927059626206756e-05 1.283380843233317137e-04 9.882653102977201343e-05 9.996805787086486816e-01
7.930489664431661367e-05 1.049219863489270210e-04 8.792877633823081851e-05 9.997279047966003418e-01
8.299596083816140890e-05 1.268085179617628455e-04 9.013860108098015189e-05 9.996998310089111328e-01
8.326978422701358795e-05 1.266841718461364508e-04 1.388484379276633263e-04 9.996510744094848633e-01
8.083974535111337900e-05 1.078767891158349812e-04 1.189523463835939765e-04 9.996924996376037598e-01
9.268804569728672504e-05 1.276532711926847696e-04 9.855747339315712452e-05 9.996809959411621094e-01
8.248930680565536022e-05 1.274124952033162117e-04 1.018737893900834024e-04 9.996881484985351562e-01
9.169270197162404656e-05 1.397162704961374402e-04 1.182562264148145914e-04 9.996500015258789062e-01
9.580365440342575312e-05 1.191440096590667963e-04 9.042801684699952602e-05 9.996944665908813477e-01
8.322561188833788037e-05 1.222128776134923100e-04 1.066099430317990482e-04 9.996875524520874023e-01
9.061997843673452735e-05 1.220502308569848537e-04 1.072447557817213237e-04 9.996798634529113770e-01
8.759248157730326056e-05 1.413229620084166527e-04 1.189117756439372897e-04 9.996524453163146973e-01
9.810883057070896029e-05 1.251934736501425505e-04 1.083746974472887814e-04 9.996685385704040527e-01
9.016466356115415692e-05 1.095909829018637538e-04 9.090141247725114226e-05 9.997094273567199707e-01
9.614069858798757195e-05 1.148850860772654414e-04 1.004142977762967348e-04 9.996887445449829102e-01
9.728344593895599246e-05 1.332772080786526203e-04 1.042820877046324313e-04 9.996650218963623047e-01
9.101342584472149611e-05 1.243202277692034841e-04 8.340735803358256817e-05 9.997014999389648438e-01
7.956573244882747531e-05 1.095402330975048244e-04 9.593910363037139177e-05 9.997152686119079590e-01
8.035069186007604003e-05 1.224640291184186935e-04 1.121269233408384025e-04 9.996850490570068359e-01
7.873129652580246329e-05 1.137345316237770021e-04 9.446890908293426037e-05 9.997130632400512695e-01
8.903270645532757044e-05 1.322938041994348168e-04 1.282237353734672070e-04 9.996505379676818848e-01
1.025764941005036235e-04 1.280465075979009271e-04 9.412631334271281958e-05 9.996749758720397949e-01
9.909501386573538184e-05 1.397976011503487825e-04 1.438706094631925225e-04 9.996173381805419922e-01
8.373167656827718019e-05 1.220796548295766115e-04 1.060117137967608869e-04 9.996880888938903809e-01
9.546077490085735917e-05 1.356573484372347593e-04 1.180144245154224336e-04 9.996508359909057617e-01
8.669247472425922751e-05 1.138779553002677858e-04 9.100278839468955994e-05 9.997084140777587891e-01
7.862964412197470665e-05 1.287564227823168039e-04 9.832785144681110978e-05 9.996941685676574707e-01
8.925799193093553185e-05 1.106958734453655779e-04 1.102612732211127877e-04 9.996898770332336426e-01
9.680999937700107694e-05 1.401040935888886452e-04 1.135052370955236256e-04 9.996499419212341309e-01
9.080601739697158337e-05 1.126869174186140299e-04 9.805388981476426125e-05 9.996985793113708496e-01
9.027687337948009372e-05 1.306347257923334837e-04 9.082789620151743293e-05 9.996882081031799316e-01
1.062987284967675805e-04 1.433816651115193963e-04 1.090495279640890658e-04 9.996411800384521484e-01
8.816993067739531398e-05 1.355666026938706636e-04 1.047434998326934874e-04 9.996713995933532715e-01
8.562872972106561065e-05 1.206260494654998183e-04 1.252378715435042977e-04 9.996687769889831543e-01
8.732000424060970545e-05 1.189361573779024184e-04 8.896372310118749738e-05 9.997050166130065918e-01
8.776974573265761137e-05 1.256405375897884369e-04 1.051659492077305913e-04 9.996813535690307617e-01
8.636026177555322647e-05 1.027656107908114791e-04 9.123419295065104961e-05 9.997195005416870117e-01
7.804545020917430520e-05 1.260299904970452189e-04 1.020807467284612358e-04 9.996935725212097168e-01
8.800126670394092798e-05 1.134684425778687000e-04 9.355475776828825474e-05 9.997050762176513672e-01
9.756612416822463274e-05 1.237686810782179236e-04 1.276792027056217194e-04 9.996508359909057617e-01
1.050069040502421558e-04 1.125066555687226355e-04 9.991832484956830740e-05 9.996827840805053711e-01
8.386014815187081695e-05 1.151753604062832892e-04 1.035880413837730885e-04 9.996973872184753418e-01
8.587432967033237219e-05 1.250465575139969587e-04 8.613634417997673154e-05 9.997030496597290039e-01
1.012507855193689466e-04 1.310790103161707520e-04 1.145800633821636438e-04 9.996529221534729004e-01
8.390819129999727011e-05 1.010890919133089483e-04 8.702202467247843742e-05 9.997282624244689941e-01
8.963511936599388719e-05 1.160259635071270168e-04 9.860572754405438900e-05 9.996953606605529785e-01
1.021324933390133083e-04 1.374465209664776921e-04 1.158884551841765642e-04 9.996444582939147949e-01
9.267799759982153773e-05 1.170015893876552582e-04 1.098515494959428906e-04 9.996802806854248047e-01
8.851834718370810151e-05 1.194004507851786911e-04 1.176040968857705593e-04 9.996743798255920410e-01
9.801618580240756273e-05 1.243469159817323089e-04 1.054779713740572333e-04 9.996724128723144531e-01
9.562219202052801847e-05 1.072004160960204899e-04 1.408145617460832000e-04 9.996566176414489746e-01
1.093238533940166235e-04 1.172097254311665893e-04 1.295822585234418511e-04 9.996437430381774902e-01
8.387600973946973681e-05 1.154128694906830788e-04 1.156612052000127733e-04 9.996848106384277344e-01
8.874245395418256521e-05 1.191378978546708822e-04 1.297724520554766059e-04 9.996623992919921875e-01
9.760660759638994932e-05 1.055871689459308982e-04 9.363539720652624965e-05 9.997031092643737793e-01
8.791436266619712114e-05 1.211454218719154596e-04 9.980310278479009867e-05 9.996907114982604980e-01
8.273035928141325712e-05 1.212538409163244069e-04 9.631690045353025198e-05 9.996992945671081543e-01
9.770580800250172615e-05 1.204160071210935712e-04 1.077491106116212904e-04 9.996738433837890625e-01
8.556945249438285828e-05 1.039941707858815789e-04 9.084634075406938791e-05 9.997195005416870117e-01
9.035358380060642958e-05 1.110403900383971632e-04 9.797564416658133268e-05 9.997007846832275391e-01
1.149819727288559079e-04 1.252093497896566987e-04 1.022425713017582893e-04 9.996577501296997070e-01
9.123550989897921681e-05 1.066310578607954085e-04 1.052010338753461838e-04 9.996967911720275879e-01
1.031721112667582929e-04 1.070327343768440187e-04 1.162526386906392872e-04 9.996733665466308594e-01
8.827025885693728924e-05 1.169863026007078588e-04 1.077233173418790102e-04 9.996870756149291992e-01
7.613431080244481564e-05 1.149493618868291378e-04 8.701580372871831059e-05 9.997217655181884766e-01
7.958352216519415379e-05 1.280429423786699772e-04 9.079901792574673891e-05 9.997016787528991699e-01
1.012429202091880143e-04 1.314082328462973237e-04 9.461944864597171545e-05 9.996726512908935547e-01
8.401474042329937220e-05 1.190233451779931784e-04 8.996817632578313351e-05 9.997069239616394043e-01
9.907644562190398574e-05 1.142935070674866438e-04 1.081627633539028466e-04 9.996783733367919922e-01
9.235496690962463617e-05 1.312576059717684984e-04 1.127181967603974044e-04 9.996637105941772461e-01
1.020274139591492712e-04 1.274921378353610635e-04 1.106713098124600947e-04 9.996598958969116211e-01
8.004845585674047470e-05 9.466745541431009769e-05 8.947048627305775881e-05 9.997360706329345703e-01
9.588297689333558083e-05 1.203520223498344421e-04 1.012430875562131405e-04 9.996824264526367188e-01
1.003931320155970752e-04 1.180896215373650193e-04 1.016319947666488588e-04 9.996801614761352539e-01
8.932439959608018398e-05 1.166946822195313871e-04 9.075403067981824279e-05 9.997031688690185547e-01
8.546253229724243283e-05 1.205738444696180522e-04 9.890778892440721393e-05 9.996952414512634277e-01
8.723051723791286349e-05 1.068199198925867677e-04 8.482749399263411760e-05 9.997211098670959473e-01
8.121842984110116959e-05 1.211330600199289620e-04 1.094332255888730288e-04 9.996881484985351562e-01
8.828067075228318572e-05 1.245127496076747775e-04 1.020758354570716619e-04 9.996853470802307129e-01
8.202967001125216484e-05 1.046438264893367887e-04 9.112864790949970484e-05 9.997224211692810059e-01
1.000602205749601126e-04 1.117919018724933267e-04 1.003972720354795456e-04 9.996880888938903809e-01
9.776058141142129898e-05 1.407420058967545629e-04 9.781083645066246390e-05 9.996638894081115723e-01
1.004542282316833735e-04 1.437603350495919585e-04 1.445001253159716725e-04 9.996116161346435547e-01
9.723009134177118540e-05 1.084531540982425213e-04 1.040676288539543748e-04 9.996901154518127441e-01
9.767586016096174717e-05 1.240417477674782276e-04 9.510781092103570700e-05 9.996833205223083496e-01
9.515538840787485242e-05 9.674151078797876835e-05 8.661201718496158719e-05 9.997214078903198242e-01
8.175245602615177631e-05 1.059775968315079808e-04 1.129019219661131501e-04 9.996990561485290527e-01
8.327163959620520473e-05 1.174710778286680579e-04 7.929410639917477965e-05 9.997196197509765625e-01
7.635875226696953177e-05 9.098665032070130110e-05 9.464446338824927807e-05 9.997382760047912598e-01
9.119739843299612403e-05 1.291957451030611992e-04 9.558894089423120022e-05 9.996837973594665527e-01
8.112885552691295743e-05 1.095857805921696126e-04 9.880457218969240785e-05 9.997102618217468262e-01
9.212562144966796041e-05 1.480034261476248503e-04 1.115480190492235124e-04 9.996482133865356445e-01
1.082608723663724959e-04 1.236928510479629040e-04 1.041441792040131986e-04 9.996638894081115723e-01
9.147837408818304539e-05 1.181889747385866940e-04 1.050211649271659553e-04 9.996849894523620605e-01
9.652591688791289926e-05 1.285135222133249044e-04 1.462138752685859799e-04 9.996286034584045410e-01
9.491335367783904076e-05 1.188490496133454144e-04 9.994167339755222201e-05 9.996864199638366699e-01
1.225142914336174726e-04 1.267110637854784727e-04 1.012359789456240833e-04 9.996494054794311523e-01
1.173696145997382700e-04 1.232410722877830267e-04 1.297685230383649468e-04 9.996294379234313965e-01
8.316584717249497771e-05 1.259267155546694994e-04 1.017003087326884270e-04 9.996894001960754395e-01
1.177512313006445765e-04 1.323976175626739860e-04 1.254523813258856535e-04 9.996241927146911621e-01
9.636632603360339999e-05 1.059922869899310172e-04 1.109987642848864198e-04 9.996863603591918945e-01
1.044633027049712837e-04 1.175529177999123931e-04 1.139316445915028453e-04 9.996638298034667969e-01
9.731706086313351989e-05 1.118474101531319320e-04 1.253731752512976527e-04 9.996654391288757324e-01
1.119823427870869637e-04 1.197024030261673033e-04 1.078090572264045477e-04 9.996603727340698242e-01
1.078008572221733630e-04 1.237556134583428502e-04 1.065654359990730882e-04 9.996616840362548828e-01
9.432771184947341681e-05 1.042906224029138684e-04 9.970174869522452354e-05 9.997014403343200684e-01
9.911684173857793212e-05 1.130559103330597281e-04 1.188686292152851820e-04 9.996688961982727051e-01
1.235104427905753255e-04 9.577591117704287171e-05 9.196235623676329851e-05 9.996886849403381348e-01
9.689860598882660270e-05 1.104769617086276412e-04 1.713170058792456985e-04 9.996206760406494141e-01
1.207129535032436252e-04 1.194185970234684646e-04 1.219024270540103316e-04 9.996380209922790527e-01
8.959193655755370855e-05 9.903687168844044209e-05 1.065487449523061514e-04 9.997047185897827148e-01
1.148675510194152594e-04 1.177894155262038112e-04 1.057900444720871747e-04 9.996613264083862305e-01
9.459310967940837145e-05 1.052653897204436362e-04 1.082700473489239812e-04 9.996918439865112305e-01
1.309339713770896196e-04 1.329193473793566227e-04 1.998598745558410883e-04 9.995360970497131348e-01
1.029376726364716887e-04 1.359643647447228432e-04 1.162812186521477997e-04 9.996442198753356934e-01
1.261201105080544949e-04 1.218757388414815068e-04 1.281207223655655980e-04 9.996239542961120605e-01
1.143605477409437299e-04 1.140748718171380460e-04 1.442140783183276653e-04 9.996278285980224609e-01
1.014461304293945432e-04 1.009222614811733365e-04 8.111848001135513186e-05 9.997161030769348145e-01
1.111130477511323988e-04 1.360834576189517975e-04 1.119315129471942782e-04 9.996405839920043945e-01
1.050964638125151396e-04 1.049897837219759822e-04 1.031653082463890314e-04 9.996865987777709961e-01
1.074070896720513701e-04 9.815519297262653708e-05 1.070394355338066816e-04 9.996872544288635254e-01
1.000408010440878570e-04 1.076257394743151963e-04 1.090872538043186069e-04 9.996833205223083496e-01
1.110101584345102310e-04 1.214620788232423365e-04 1.519712968729436398e-04 9.996157288551330566e-01
1.075883919838815928e-04 1.099088622140698135e-04 1.995802595047280192e-04 9.995827674865722656e-01
1.264802995137870312e-04 1.090709847630932927e-04 1.544165279483422637e-04 9.996100664138793945e-01
1.212509450851939619e-04 1.152717959485016763e-04 1.735113182803615928e-04 9.995900988578796387e-01
9.487435454502701759e-05 1.067013363353908062e-04 1.313514803769066930e-04 9.996668696403503418e-01
1.073104140232317150e-04 1.049116981448605657e-04 1.151738688349723816e-04 9.996729493141174316e-01
1.086894262698478997e-04 1.208938338095322251e-04 9.885551116894930601e-05 9.996713995933532715e-01
1.125392882386222482e-04 9.995180153055116534e-05 1.320530282100662589e-04 9.996551871299743652e-01
1.057943518389947712e-04 1.114849510486237705e-04 1.082841190509498119e-04 9.996746778488159180e-01
1.366025680908933282e-04 9.979624155675992370e-05 9.186613897327333689e-05 9.996717572212219238e-01
1.052500956575386226e-04 1.133911646320484579e-04 1.052996158250607550e-04 9.996758103370666504e-01
1.340678863925859332e-04 9.466237679589539766e-05 1.475457102060317993e-04 9.996235370635986328e-01
1.221610145876184106e-04 9.740410314407199621e-05 1.051326762535609305e-04 9.996752738952636719e-01
1.764727494446560740e-04 1.155364589067175984e-04 1.288744097109884024e-04 9.995791316032409668e-01
1.222305436385795474e-04 1.005486483336426318e-04 1.213108262163586915e-04 9.996557831764221191e-01
1.505105901742354035e-04 1.100903828046284616e-04 1.340356975561007857e-04 9.996054768562316895e-01
1.609776954865083098e-04 1.025722158374264836e-04 1.251884532393887639e-04 9.996111989021301270e-01
1.300645817536860704e-04 1.145580245065502822e-04 1.344657648587599397e-04 9.996210336685180664e-01
1.633920182939618826e-04 1.174131684820167720e-04 1.165190187748521566e-04 9.996024966239929199e-01
1.430241682101041079e-04 1.065924589056521654e-04 1.144466950790956616e-04 9.996358752250671387e-01
1.494494645157828927e-04 1.041136129060760140e-04 1.183872227557003498e-04 9.996281862258911133e-01
2.208759833592921495e-04 1.062518422259017825e-04 1.512590679340064526e-04 9.995214939117431641e-01
3.370043705217540264e-04 1.198345489683561027e-04 1.528633729321882129e-04 9.993899464607238770e-01
1.558313670102506876e-04 1.138729276135563850e-04 1.544757833471521735e-04 9.995760917663574219e-01
2.101445716107264161e-04 9.989053796743974090e-05 1.294728426728397608e-04 9.995599985122680664e-01
2.067734749289229512e-04 1.121583045460283756e-04 1.476188044762238860e-04 9.995337724685668945e-01
7.348041399382054806e-04 8.080719999270513654e-05 1.121103341574780643e-04 9.990723729133605957e-01
3.197168407496064901e-04 8.789646381046622992e-05 1.263121375814080238e-04 9.994660615921020508e-01
2.851278695743530989e-04 1.086400588974356651e-04 1.448596885893493891e-04 9.994614720344543457e-01
4.313491517677903175e-04 1.106999334297142923e-04 1.407858071615919471e-04 9.993174076080322266e-01
5.152179510332643986e-04 1.047851401381194592e-04 1.736850972520187497e-04 9.992063641548156738e-01
6.066464702598750591e-04 8.308262476930394769e-05 9.727201540954411030e-05 9.992129802703857422e-01
3.751625772565603256e-04 7.319015276152640581e-05 1.153857519966550171e-04 9.994361400604248047e-01
3.411317884456366301e-04 1.032414947985671461e-04 1.221585844177752733e-04 9.994332790374755859e-01
8.240398601628839970e-04 1.043422016664408147e-04 1.145555652328766882e-04 9.989571571350097656e-01
6.802241550758481026e-04 8.407809946220368147e-05 1.466246612835675478e-04 9.990894794464111328e-01
9.216175531037151814e-04 7.509319402743130922e-05 1.150483149103820324e-04 9.988887310028076172e-01
1.540208701044321060e-03 1.010545311146415770e-04 1.491395960329100490e-04 9.982097744941711426e-01
3.972782287746667862e-03 7.326075137825682759e-05 1.023060685838572681e-04 9.958518743515014648e-01
7.112671155482530594e-04 6.405160092981532216e-05 9.590329136699438095e-05 9.991284608840942383e-01
3.968556411564350128e-03 6.199516064953058958e-05 1.558763906359672546e-04 9.958138465881347656e-01
3.200474660843610764e-03 6.525246863020583987e-05 1.083364841178990901e-04 9.966261386871337891e-01
7.002791855484247208e-03 7.431425183312967420e-05 9.994221181841567159e-05 9.928228259086608887e-01
4.829675424844026566e-03 7.163430564105510712e-05 1.531089219497516751e-04 9.949452877044677734e-01
1.048549078404903412e-02 7.183277921285480261e-05 1.260212447959929705e-04 9.893170595169067383e-01
1.570037752389907837e-02 6.201033829711377621e-05 1.016025562421418726e-04 9.841364622116088867e-01
1.264499966055154800e-02 5.039053576183505356e-05 1.003202123683877289e-04 9.872041940689086914e-01
2.857979573309421539e-02 4.617134618456475437e-05 9.777861123438924551e-05 9.712756276130676270e-01
3.792981058359146118e-02 6.503515032818540931e-05 9.480154403718188405e-05 9.619100689888000488e-01
5.389092862606048584e-02 4.134759001317434013e-05 7.397741865133866668e-05 9.459941387176513672e-01
6.863323599100112915e-02 3.269898661528714001e-05 8.334434824064373970e-05 9.312507510185241699e-01
1.027571409940719604e-01 2.724563455558381975e-05 4.201199772069230676e-05 8.971733450889587402e-01
1.296771317720413208e-01 2.078109355352353305e-05 2.541366848163306713e-05 8.702768087387084961e-01
1.731238961219787598e-01 1.280779815715504810e-05 1.702500776445958763e-05 8.268460631370544434e-01
2.044616639614105225e-01 1.530642293801065534e-05 4.765299308928661048e-05 7.954757213592529297e-01
2.693926393985748291e-01 1.883311415440402925e-05 3.336324152769520879e-05 7.305548787117004395e-01
3.670047521591186523e-01 1.172896463685901836e-05 2.584397043392527848e-05 6.329579949378967285e-01
4.101350605487823486e-01 1.713236815703567117e-05 2.789658174151554704e-05 5.898199677467346191e-01
5.201221704483032227e-01 4.628511305782012641e-06 1.224114566866774112e-05 4.798611104488372803e-01
5.938535332679748535e-01 2.209783588114078157e-06 3.490136805339716375e-06 4.061407446861267090e-01
6.669080257415771484e-01 1.092104980671138037e-06 1.905558406178897712e-06 3.330888748168945312e-01
7.458542585372924805e-01 8.908770610105420928e-07 1.022836613628896885e-06 2.541439235210418701e-01
7.890673279762268066e-01 3.878768950471567223e-07 1.757765488719087443e-07 2.109320163726806641e-01
8.109850883483886719e-01 6.588838346033298876e-07 7.817551477273809724e-07 1.890137791633605957e-01
8.648238182067871094e-01 5.666095717060670722e-07 2.888555627578170970e-06 1.351727247238159180e-01
8.876572251319885254e-01 1.477722655351954018e-08 7.248549849236951559e-08 1.123426482081413269e-01
9.293761849403381348e-01 2.383142039263930201e-08 1.196457599661471249e-08 7.062390446662902832e-02
9.297561645507812500e-01 1.835984697606818372e-09 2.796828990625499500e-09 7.024407386779785156e-02
9.479861259460449219e-01 1.718423736640772859e-09 6.378983452570707868e-10 5.201386287808418274e-02
9.516652822494506836e-01 9.534453226933692349e-10 8.429597020409573815e-10 4.833430796861648560e-02
9.695737957954406738e-01 2.296635104315214448e-10 1.170690488994097223e-10 3.042591921985149384e-02
9.788388013839721680e-01 3.789043245827627970e-10 4.414584808820620765e-10 2.116138301789760590e-02
9.801592826843261719e-01 1.343396505149030418e-10 3.367694664802023397e-11 1.984026655554771423e-02
9.822311997413635254e-01 1.354556189436806335e-10 4.549240498197271165e-11 1.776888780295848846e-02
9.832437038421630859e-01 1.382271103134158352e-10 3.487426319948028208e-11 1.675634458661079407e-02
9.860589504241943359e-01 7.606091451117791280e-11 3.134962775486194175e-11 1.394086610525846481e-02
9.866661429405212402e-01 5.663957844403988418e-11 1.619672451713682904e-11 1.333379838615655899e-02
9.884166121482849121e-01 4.323495381153286132e-11 1.188887790298798208e-11 1.158326398581266403e-02
9.893844723701477051e-01 5.140310399553982279e-11 1.489089927753095566e-11 1.061563380062580109e-02
9.907357692718505859e-01 5.222820786965343132e-11 3.150907659787982595e-11 9.264132939279079437e-03
9.908344149589538574e-01 3.962272177027159614e-11 1.189694870395996418e-11 9.165469557046890259e-03
9.917692542076110840e-01 3.531400172285259487e-11 7.130444672209801382e-12 8.230576291680335999e-03
9.926823377609252930e-01 2.256399060651670396e-11 5.585295247134691721e-12 7.317371200770139694e-03
9.929016232490539551e-01 2.909852220289721458e-11 7.130895700313555352e-12 7.098692934960126877e-03
9.929203987121582031e-01 2.399827558896561186e-11 5.765160918103084953e-12 7.079123985022306442e-03
9.933728575706481934e-01 2.124256846813832311e-11 5.433132676396779104e-12 6.626937538385391235e-03
9.940123558044433594e-01 1.806816501970232025e-11 4.195562734038427166e-12 5.987664218991994858e-03
9.941486120223999023e-01 1.733925850122552959e-11 4.087315989137474403e-12 5.851368419826030731e-03
9.939253330230712891e-01 2.191292633457742056e-11 5.178952752760146439e-12 6.074724718928337097e-03
9.943426847457885742e-01 1.960594707417495641e-11 4.306107553864180204e-12 5.657249130308628082e-03
9.941420555114746094e-01 2.252266602387198446e-11 4.821067590282668291e-12 5.857998970896005630e-03
9.942755699157714844e-01 2.065218482338870842e-11 4.019637053764846257e-12 5.724010523408651352e-03
9.945505857467651367e-01 2.152118414033843408e-11 4.389855666475650509e-12 5.449456628412008286e-03
9.947038888931274414e-01 1.798677699837991639e-11 4.153754163543910138e-12 5.296003539115190506e-03
9.945353865623474121e-01 1.878950987854732801e-11 4.651134078575980269e-12 5.464734043926000595e-03
9.943882226943969727e-01 1.786624320709861991e-11 4.406346815200024025e-12 5.612101405858993530e-03
9.946843981742858887e-01 1.810732813689597265e-11 4.009599076371106463e-12 5.315489601343870163e-03
9.943644404411315918e-01 1.881078279253323160e-11 4.390528305503460516e-12 5.635369569063186646e-03
9.944299459457397461e-01 1.768118464140489010e-11 4.119484701275988314e-12 5.569870583713054657e-03
9.943071007728576660e-01 1.878118147113916336e-11 4.640272974892889479e-12 5.693216342478990555e-03
9.944180250167846680e-01 1.745614416903684685e-11 4.548568986739720543e-12 5.582102574408054352e-03
9.937887787818908691e-01 1.953901797302481924e-11 4.688367749583477462e-12 6.211424712091684341e-03
9.938053488731384277e-01 2.148890614062093363e-11 5.141760281435203694e-12 6.194305606186389923e-03
9.927678704261779785e-01 2.567546175669122022e-11 6.111229577943078084e-12 7.232087664306163788e-03
9.923413991928100586e-01 2.850917765750971000e-11 7.331155647827269917e-12 7.658348884433507919e-03
9.922251701354980469e-01 3.748024460237253663e-11 8.930167369469721450e-12 7.774681784212589264e-03
9.918850064277648926e-01 2.788054682956175867e-11 7.929228454384151803e-12 8.114996366202831268e-03
9.920425415039062500e-01 2.728358684811471591e-11 7.173731227105850650e-12 7.957989349961280823e-03
9.920327663421630859e-01 3.001970547145127455e-11 7.594580346548251981e-12 7.967251352965831757e-03
9.920890331268310547e-01 3.420757427319287558e-11 9.897044989104486490e-12 7.910560816526412964e-03
9.923226237297058105e-01 2.729719401906027798e-11 7.752807944239048510e-12 7.677321322262287140e-03
9.922433495521545410e-01 2.916813318654121190e-11 8.065275877711108876e-12 7.756971288472414017e-03
9.920886754989624023e-01 3.002314369338066058e-11 8.705471239711659592e-12 7.911693304777145386e-03
9.918806552886962891e-01 3.145691346295720336e-11 7.986600963905132744e-12 8.119213394820690155e-03
