1.211119888466782868e-04 1.629897742532193661e-04 1.558747608214616776e-04 9.995601773262023926e-01
1.387030642945319414e-04 1.461001374991610646e-04 1.265108876395970583e-04 9.995887279510498047e-01
1.143963381764478981e-04 1.278982963413000107e-04 1.041999785229563713e-04 9.996536374092102051e-01
1.017261820379644632e-04 1.142107212217524648e-04 1.054902822943404317e-04 9.996784329414367676e-01
1.032510772347450256e-04 1.356075663352385163e-04 1.141720640589483082e-04 9.996469616889953613e-01
1.048340927809476852e-04 1.244185405084863305e-04 8.605622861068695784e-05 9.996849298477172852e-01
9.531438990961760283e-05 1.105946721509099007e-04 8.805576362647116184e-05 9.997056126594543457e-01
1.039536145981401205e-04 1.140888271038420498e-04 9.714633779367431998e-05 9.996848702430725098e-01
1.073024468496441841e-04 1.679019333096221089e-04 1.125845228671096265e-04 9.996122121810913086e-01
1.278050476685166359e-04 1.373887207591906190e-04 1.062892770278267562e-04 9.996286630630493164e-01
1.129666561610065401e-04 1.083248716895468533e-04 9.345970465801656246e-05 9.996851086616516113e-01
1.044459495460614562e-04 1.304602483287453651e-04 1.138476873165927827e-04 9.996511340141296387e-01
1.086751944967545569e-04 1.532692403998225927e-04 9.160199260804802179e-05 9.996463656425476074e-01
9.613738075131550431e-05 1.067339835572056472e-04 7.629120227647945285e-05 9.997209310531616211e-01
1.003487341222353280e-04 1.168437811429612339e-04 9.074246918316930532e-05 9.996923804283142090e-01
1.259294513147324324e-04 1.298324932577088475e-04 1.038227565004490316e-04 9.996405243873596191e-01
9.687119018053635955e-05 1.450699928682297468e-04 9.850483911577612162e-05 9.996596574783325195e-01
1.254443050129339099e-04 1.168640956166200340e-04 1.055412358255125582e-04 9.996520876884460449e-01
1.081032751244492829e-04 1.231464702868834138e-04 1.033997978083789349e-04 9.996654987335205078e-01
1.166783476946875453e-04 1.265589526155963540e-04 1.187709131045266986e-04 9.996380805969238281e-01
1.261049910681322217e-04 1.164468631031922996e-04 9.540846076561138034e-05 9.996621608734130859e-01
1.128003132180310786e-04 1.265156024601310492e-04 1.191609626403078437e-04 9.996416568756103516e-01
9.527342626824975014e-05 1.103560789488255978e-04 9.024805331137031317e-05 9.997038841247558594e-01
1.028424812830053270e-04 1.172621487057767808e-04 1.066644545062445104e-04 9.996733665466308594e-01
1.080863148672506213e-04 1.180143954115919769e-04 9.602760110283270478e-05 9.996779561042785645e-01
1.125281414715573192e-04 9.670353028923273087e-05 1.228334149345755577e-04 9.996674656867980957e-01
1.047024634317494929e-04 1.330379600403830409e-04 1.109467120841145515e-04 9.996513128280639648e-01
1.313820102950558066e-04 1.321103336522355676e-04 1.284783356823027134e-04 9.996080994606018066e-01
1.205341104650869966e-04 1.259636628674343228e-04 9.689622675068676472e-05 9.996563792228698730e-01
9.894384857034310699e-05 1.264094171347096562e-04 9.581875201547518373e-05 9.996790885925292969e-01
1.237910037161782384e-04 1.094812250812537968e-04 1.442346692783758044e-04 9.996225237846374512e-01
1.737690326990559697e-04 1.219973637489601970e-04 1.245136809302493930e-04 9.995796680450439453e-01
9.955486166290938854e-05 1.230464986292645335e-04 9.441521251574158669e-05 9.996827840805053711e-01
1.107288189814426005e-04 1.108954238588921726e-04 1.042752701323479414e-04 9.996743202209472656e-01
1.365120988339185715e-04 1.333739637630060315e-04 1.067038028850220144e-04 9.996233582496643066e-01
1.142010078183375299e-04 1.220151898451149464e-04 1.041953510139137506e-04 9.996592998504638672e-01
1.044632954290136695e-04 1.247799082193523645e-04 1.403447386110201478e-04 9.996305704116821289e-01
1.151690303231589496e-04 1.580684620421379805e-04 1.256088580703362823e-04 9.996013045310974121e-01
1.325979537796229124e-04 1.554129994474351406e-04 1.611561601748690009e-04 9.995509386062622070e-01
1.232665090356022120e-04 1.493775343988090754e-04 1.199261678266339004e-04 9.996076822280883789e-01
9.089862578548491001e-05 1.296226109843701124e-04 9.084522025659680367e-05 9.996887445449829102e-01
1.156743965111672878e-04 1.245549356099218130e-04 1.100758017855696380e-04 9.996498823165893555e-01
1.691957440925762057e-04 1.705964241409674287e-04 1.240059791598469019e-04 9.995362162590026855e-01
1.214223229908384383e-04 1.707651827018707991e-04 1.310076186200603843e-04 9.995765686035156250e-01
1.160011743195354939e-04 1.425469381501898170e-04 1.327878562733530998e-04 9.996086359024047852e-01
9.601865895092487335e-05 1.669225166551768780e-04 1.105953124351799488e-04 9.996265172958374023e-01
1.010827254503965378e-04 1.155702848336659372e-04 8.016276115085929632e-05 9.997031688690185547e-01
1.168195667560212314e-04 1.265497267013415694e-04 1.179397731903009117e-04 9.996381998062133789e-01
1.307806378463283181e-04 1.802479819161817431e-04 1.347281504422426224e-04 9.995543956756591797e-01
1.155509380623698235e-04 1.192705240100622177e-04 1.003869838314130902e-04 9.996652007102966309e-01
1.049576312652789056e-04 1.149459058069624007e-04 1.007272221613675356e-04 9.996791481971740723e-01
9.968962694983929396e-05 1.079974244930781424e-04 9.589990077074617147e-05 9.996963143348693848e-01
1.589009480085223913e-04 1.756994461175054312e-04 1.362517650704830885e-04 9.995291233062744141e-01
9.328281157650053501e-05 9.149906691163778305e-05 7.929282583063468337e-05 9.997358918190002441e-01
1.256279647350311279e-04 1.212371789733879268e-04 9.948448860086500645e-05 9.996536970138549805e-01
1.240665878867730498e-04 1.308807113673537970e-04 1.152659970102831721e-04 9.996300339698791504e-01
1.362209877697750926e-04 1.988994772545993328e-04 1.498627971159294248e-04 9.995151758193969727e-01
1.449743867851793766e-04 1.815759751480072737e-04 1.199304315377958119e-04 9.995536208152770996e-01
1.267531915800645947e-04 1.798210723791271448e-04 1.192496492876671255e-04 9.995743632316589355e-01
1.036741159623488784e-04 1.450029085390269756e-04 9.364188736071810126e-05 9.996574521064758301e-01
1.092050588340498507e-04 1.265115424757823348e-04 9.069180669030174613e-05 9.996739029884338379e-01
9.257720375899225473e-05 1.177684607682749629e-04 1.144185007433407009e-04 9.996759891510009766e-01
1.352479739580303431e-04 1.077025517588481307e-04 9.974512795452028513e-05 9.996571540832519531e-01
1.128326111938804388e-04 1.252209040103480220e-04 9.580994083080440760e-05 9.996665716171264648e-01
1.294197718380019069e-04 1.263252925127744675e-04 1.155213612946681678e-04 9.996289610862731934e-01
1.341232709819450974e-04 1.137587241828441620e-04 9.830418275669217110e-05 9.996542334556579590e-01
1.233683578902855515e-04 1.275334361707791686e-04 9.685273107606917620e-05 9.996522068977355957e-01
1.049116763169877231e-04 1.127307405113242567e-04 1.070775324478745461e-04 9.996749758720397949e-01
1.027131656883284450e-04 1.211208655149675906e-04 8.927745511755347252e-05 9.996869564056396484e-01
1.306909252889454365e-04 1.187363450299017131e-04 1.071130755008198321e-04 9.996433854103088379e-01
1.094466133508831263e-04 1.158559389295987785e-04 9.675039473222568631e-05 9.996783137321472168e-01
1.342111354460939765e-04 1.285636826651170850e-04 1.322847092524170876e-04 9.996050596237182617e-01
8.474499918520450592e-05 1.056716791936196387e-04 8.827360579743981361e-05 9.997212290763854980e-01
1.334367261733859777e-04 1.443573419237509370e-04 1.480697537772357464e-04 9.995744228363037109e-01
1.235534728039056063e-04 1.590200554346665740e-04 1.228916080435737967e-04 9.995943307876586914e-01
9.757371299201622605e-05 9.385350858792662621e-05 9.207810217048972845e-05 9.997166991233825684e-01
1.028889455483295023e-04 1.268206833628937602e-04 1.154923374997451901e-04 9.996547102928161621e-01
1.117493302444927394e-04 1.395973085891455412e-04 1.023721342789940536e-04 9.996463656425476074e-01
1.431577984476462007e-04 1.701089931884780526e-04 1.344933407381176949e-04 9.995520710945129395e-01
1.419749023625627160e-04 1.370780082652345300e-04 1.048953417921438813e-04 9.996162056922912598e-01
1.220399935846216977e-04 1.358405861537903547e-04 1.195061631733551621e-04 9.996227025985717773e-01
1.141383690992370248e-04 1.319335424341261387e-04 1.021372008835896850e-04 9.996520876884460449e-01
1.385808864142745733e-04 1.059450223692692816e-04 9.852130460785701871e-05 9.996569156646728516e-01
8.686482760822400451e-05 1.324985059909522533e-04 9.343683632323518395e-05 9.996871948242187500e-01
9.889062494039535522e-05 1.026220634230412543e-04 9.273785690311342478e-05 9.997058510780334473e-01
1.089922370738349855e-04 2.107109175994992256e-04 1.107704520109109581e-04 9.995694160461425781e-01
1.112072786781936884e-04 1.516431802883744240e-04 1.010638225125148892e-04 9.996359348297119141e-01
1.014786685118451715e-04 9.823904838413000107e-05 8.756183524383231997e-05 9.997126460075378418e-01
8.886021532816812396e-05 1.002441422315314412e-04 7.048074621707201004e-05 9.997404217720031738e-01
1.113055695896036923e-04 1.551372843096032739e-04 1.251068169949576259e-04 9.996086359024047852e-01
1.331419916823506355e-04 1.229060580953955650e-04 1.237254909938201308e-04 9.996200799942016602e-01
1.095098414225503802e-04 1.253487571375444531e-04 9.819469414651393890e-05 9.996665120124816895e-01
1.064842799678444862e-04 2.026003639912232757e-04 1.389204990118741989e-04 9.995520114898681641e-01
1.433508878108114004e-04 1.382268674205988646e-04 1.183230197057127953e-04 9.996000528335571289e-01
1.248463377123698592e-04 1.216014716192148626e-04 1.224533189088106155e-04 9.996311664581298828e-01
1.118667205446399748e-04 1.330304803559556603e-04 1.166131842182949185e-04 9.996384978294372559e-01
1.209053734783083200e-04 1.035193272400647402e-04 1.196097364299930632e-04 9.996559619903564453e-01
1.042269504978321493e-04 1.041244177031330764e-04 1.018665134324692190e-04 9.996895194053649902e-01
1.015465604723431170e-04 1.301375014008954167e-04 1.056007749866694212e-04 9.996628165245056152e-01
1.081510999938473105e-04 1.262728765141218901e-04 8.937174425227567554e-05 9.996759891510009766e-01
9.961990144802257419e-05 1.059916321537457407e-04 9.615973249310627580e-05 9.996982216835021973e-01
1.445548987248912454e-04 1.017887771013192832e-04 1.142208711826242507e-04 9.996395111083984375e-01
1.029264603857882321e-04 1.436039456166327000e-04 8.993377559818327427e-05 9.996634721755981445e-01
1.092331149266101420e-04 1.504452811786904931e-04 1.071856822818517685e-04 9.996334314346313477e-01
1.232124341186136007e-04 1.532342575956135988e-04 1.576950598973780870e-04 9.995655417442321777e-01
1.206839224323630333e-04 1.081827940652146935e-04 1.009995903586968780e-04 9.996698498725891113e-01
1.296036207349970937e-04 1.690298813628032804e-04 1.051786020980216563e-04 9.995961785316467285e-01
1.480097562307491899e-04 1.330968516413122416e-04 1.092049133148975670e-04 9.996095895767211914e-01
9.197132021654397249e-05 8.536918176105245948e-05 8.521322160959243774e-05 9.997375607490539551e-01
1.479906641179695725e-04 1.448890834581106901e-04 1.203237115987576544e-04 9.995872378349304199e-01
1.167824084404855967e-04 1.249800989171490073e-04 1.137176732299849391e-04 9.996445178985595703e-01
1.056425753631629050e-04 1.220011472469195724e-04 9.118745219893753529e-05 9.996814131736755371e-01
1.303879253100603819e-04 1.492698356742039323e-04 1.183316344395279884e-04 9.996016621589660645e-01
1.256619580090045929e-04 1.266751787625253201e-04 1.229271147167310119e-04 9.996249675750732422e-01
1.357970759272575378e-04 1.344353222521021962e-04 1.268733030883595347e-04 9.996031522750854492e-01
1.361090253340080380e-04 1.593259075889363885e-04 1.167962400359101593e-04 9.995875358581542969e-01
1.262646692339330912e-04 9.956426220014691353e-05 8.730669651413336396e-05 9.996870756149291992e-01
1.511699229013174772e-04 1.219423356815241277e-04 9.323617268819361925e-05 9.996337294578552246e-01
1.069346544682048261e-04 1.037930560414679348e-04 9.172932914225384593e-05 9.996975064277648926e-01
9.784543362911790609e-05 1.613447675481438637e-04 1.115143604693002999e-04 9.996296167373657227e-01
1.367798686260357499e-04 1.158897939603775740e-04 1.001698910840786994e-04 9.996470212936401367e-01
1.581276155775412917e-04 9.949463856173679233e-05 1.193326970678754151e-04 9.996225833892822266e-01
1.314567198278382421e-04 1.673789229243993759e-04 1.106275740312412381e-04 9.995907545089721680e-01
1.320223382208496332e-04 1.638714747969061136e-04 1.127552677644416690e-04 9.995912313461303711e-01
1.156012876890599728e-04 1.081147638615220785e-04 8.590490324422717094e-05 9.996905326843261719e-01
1.231884816661477089e-04 1.059761198121123016e-04 8.654292469145730138e-05 9.996841549873352051e-01
1.621872215764597058e-04 1.551399473100900650e-04 1.190446419059298933e-04 9.995638132095336914e-01
1.129091033362783492e-04 1.158413069788366556e-04 9.868655615719035268e-05 9.996724724769592285e-01
1.633243809919804335e-04 1.234984665643423796e-04 1.138947918661870062e-04 9.995990991592407227e-01
1.161672626039944589e-04 1.261948054889217019e-04 9.485837654210627079e-05 9.996628761291503906e-01
1.085107651306316257e-04 9.980190225178375840e-05 8.676941070007160306e-05 9.997050762176513672e-01
1.654112711548805237e-04 1.124144255300052464e-04 9.673451859271153808e-05 9.996254444122314453e-01
1.705368340481072664e-04 1.624717260710895061e-04 1.163221168098971248e-04 9.995509982109069824e-01
1.343590702163055539e-04 1.148604860645718873e-04 9.254708129446953535e-05 9.996583461761474609e-01
1.491153379902243614e-04 1.678604312473908067e-04 1.065261894837021828e-04 9.995766282081604004e-01
2.177943533752113581e-04 1.508697314420714974e-04 1.173005875898525119e-04 9.995141625404357910e-01
1.196080847876146436e-04 8.608654025010764599e-05 8.058289677137508988e-05 9.997137188911437988e-01
1.618886890355497599e-04 1.258849370060488582e-04 9.568295354256406426e-05 9.996165633201599121e-01
1.490511785959824920e-04 1.114739861804991961e-04 8.840356167638674378e-05 9.996511340141296387e-01
1.420495245838537812e-04 9.668483107816427946e-05 8.489708852721378207e-05 9.996767044067382812e-01
1.575665810378268361e-04 1.158191444119438529e-04 7.920068310340866446e-05 9.996474981307983398e-01
1.517591590527445078e-04 8.181129669537767768e-05 8.750270353630185127e-05 9.996787905693054199e-01
2.148720959667116404e-04 1.151744800154119730e-04 1.299397117691114545e-04 9.995402693748474121e-01
2.215457934653386474e-04 8.974320371635258198e-05 9.253228199668228626e-05 9.995964169502258301e-01
1.184435459435917437e-04 8.561641880078241229e-05 8.310950215673074126e-05 9.997127056121826172e-01
1.825053041102364659e-04 1.240778656210750341e-04 1.038333284668624401e-04 9.995897412300109863e-01
2.287592360517010093e-04 1.127057475969195366e-04 7.520333019783720374e-05 9.995834231376647949e-01
2.746128884609788656e-04 1.167287264252081513e-04 9.091011452255770564e-05 9.995177388191223145e-01
2.632509858813136816e-04 1.043438824126496911e-04 1.350649545202031732e-04 9.994971752166748047e-01
2.549039490986615419e-04 1.405540533596649766e-04 1.026933314278721809e-04 9.995021820068359375e-01
4.555571067612618208e-04 9.387225873069837689e-05 7.559505320386961102e-05 9.993748068809509277e-01
4.033800505567342043e-04 1.074067695299163461e-04 9.921571472659707069e-05 9.993898272514343262e-01
5.213672411628067493e-04 1.040640563587658107e-04 9.070063242688775063e-05 9.992833733558654785e-01
1.035623718053102493e-03 2.245414943899959326e-04 1.019307164824567735e-04 9.986377954483032227e-01
3.750997129827737808e-04 9.096787107409909368e-05 8.297886961372569203e-05 9.994510412216186523e-01
5.072653875686228275e-04 1.208787289215251803e-04 1.066550903487950563e-04 9.992653727531433105e-01
1.065139891579747200e-03 9.846434841165319085e-05 6.994523573666810989e-05 9.987662434577941895e-01
9.976301807910203934e-04 1.103486283682286739e-04 7.865436054999008775e-05 9.988135099411010742e-01
1.872710185125470161e-03 6.863901217002421618e-05 7.323295722017064691e-05 9.979855418205261230e-01
3.708892036229372025e-03 9.543028136249631643e-05 7.620473479619249701e-05 9.961197376251220703e-01
2.513151150196790695e-03 8.052480552578344941e-05 8.022468682611361146e-05 9.973261356353759766e-01
4.776319488883018494e-03 9.135045547736808658e-05 8.042142144404351711e-05 9.950520396232604980e-01
5.847427994012832642e-03 8.572360820835456252e-05 9.024394239531829953e-05 9.939767718315124512e-01
1.244483422487974167e-02 7.964233373058959842e-05 9.271733142668381333e-05 9.873828887939453125e-01
1.350122131407260895e-02 6.462969031417742372e-05 8.013355545699596405e-05 9.863535165786743164e-01
2.329098246991634369e-02 6.763308920199051499e-05 5.225341374170966446e-05 9.765890836715698242e-01
4.641037806868553162e-02 6.747902807546779513e-05 6.659943028353154659e-05 9.534557461738586426e-01
6.115113943815231323e-02 6.688333814963698387e-05 4.318628270993940532e-05 9.387387633323669434e-01
7.139930874109268188e-02 3.644674143288284540e-05 4.087474007974378765e-05 9.285233020782470703e-01
1.529433876276016235e-01 5.564350431086495519e-05 4.344008993939496577e-05 8.469576835632324219e-01
1.704383343458175659e-01 3.848324558930471539e-05 4.574868580675683916e-05 8.294772505760192871e-01
2.723861038684844971e-01 3.851539077004417777e-05 2.899676655943039805e-05 7.275468111038208008e-01
3.601583242416381836e-01 2.396073068666737527e-05 2.493777355994097888e-05 6.397927403450012207e-01
4.414170980453491211e-01 9.287023203796707094e-06 1.291992703045252711e-05 5.585605502128601074e-01
5.521751642227172852e-01 4.998225904273567721e-06 1.148882438428699970e-05 4.478083252906799316e-01
6.487890481948852539e-01 3.815318450506310910e-06 7.810169336153194308e-06 3.511993288993835449e-01
7.167949676513671875e-01 3.096557520620990545e-06 2.690457677090307698e-06 2.831992208957672119e-01
7.609164714813232422e-01 1.665932813921244815e-06 4.913661086902720854e-06 2.390772104263305664e-01
8.459067940711975098e-01 1.330810505351109896e-06 2.605609324746183120e-06 1.540887951850891113e-01
8.942068219184875488e-01 7.795474061822460499e-07 3.149806616420391947e-06 1.057892367243766785e-01
9.235417842864990234e-01 7.589013506503761164e-08 3.189050801211124053e-07 7.645783573389053345e-02
9.592963457107543945e-01 2.986221758760621015e-08 1.491216323756816564e-07 4.070334136486053467e-02
9.654274582862854004e-01 1.014317163594569138e-08 1.289870965592854191e-07 3.457226604223251343e-02
9.684725403785705566e-01 2.768783069484470616e-08 1.064239398829158745e-07 3.152721002697944641e-02
9.807109236717224121e-01 1.644335867467816570e-08 9.261699318585669971e-08 1.928877457976341248e-02
9.808543324470520020e-01 7.084377529054108891e-08 2.754203762833640212e-07 1.914528943598270416e-02
9.873943924903869629e-01 2.040100532951782952e-09 2.799237108774832450e-08 1.260585524141788483e-02
9.927116632461547852e-01 6.232056537491814652e-10 1.222227297148492653e-08 7.288196124136447906e-03
9.892429709434509277e-01 3.496183342832637209e-09 9.057585259597544791e-08 1.075705699622631073e-02
9.957375526428222656e-01 3.358114064599959647e-10 8.382497362902086024e-09 4.262259695678949356e-03
9.951954483985900879e-01 4.517319296404309625e-10 8.774232895802924759e-09 4.804530646651983261e-03
9.961088895797729492e-01 2.434182577726318186e-10 6.029155841247302305e-09 3.891178406774997711e-03
9.969284534454345703e-01 2.781827268538705766e-10 5.049766382825282562e-09 3.071691375225782394e-03
9.971171617507934570e-01 1.963247342473550816e-10 4.708446521561882037e-09 2.882685745134949684e-03
9.974653720855712891e-01 1.493797585627731905e-10 4.085432436795599642e-09 2.534653292968869209e-03
9.975982904434204102e-01 1.123697732086093026e-10 3.686572602745741278e-09 2.401719801127910614e-03
9.981068372726440430e-01 1.295165086290239742e-10 3.465705056271417561e-09 1.893228502012789249e-03
9.980060458183288574e-01 1.078876224469560441e-10 3.176730656306858691e-09 1.993665471673011780e-03
9.983043670654296875e-01 9.623431912464397442e-11 2.412218202962890246e-09 1.695691840723156929e-03
9.984056949615478516e-01 8.516654742551921231e-11 2.520424757790351578e-09 1.594440662302076817e-03
9.985422492027282715e-01 6.827491350058778607e-11 2.181390845734654249e-09 1.457722857594490051e-03
9.986295104026794434e-01 6.188533713258337343e-11 1.982490838159378654e-09 1.370296929962933064e-03
9.987362623214721680e-01 5.569420619133680361e-11 1.904591817591949621e-09 1.263751066289842129e-03
9.988019466400146484e-01 6.761636389684966275e-11 1.981248498594823104e-09 1.197942183353006840e-03
9.988256096839904785e-01 4.994994348694881126e-11 1.720761200196818663e-09 1.174177392385900021e-03
9.989114403724670410e-01 4.980853576808108585e-11 1.550209183243111966e-09 1.088695949874818325e-03
9.989119768142700195e-01 4.297463773728082970e-11 1.628806978182240073e-09 1.088241930119693279e-03
9.989649057388305664e-01 4.450121868226908362e-11 1.663142512597914902e-09 1.035196939483284950e-03
9.990596771240234375e-01 3.901148154517031230e-11 1.437577168417192297e-09 9.401030256412923336e-04
9.990501999855041504e-01 4.099847891736452254e-11 1.444059094524163811e-09 9.502759203314781189e-04
9.990462064743041992e-01 3.872641096691609164e-11 1.341850963676449737e-09 9.536696597933769226e-04
9.990935325622558594e-01 3.762766834225494961e-11 1.333355981181227889e-09 9.065198246389627457e-04
9.991137981414794922e-01 3.465959116932815220e-11 1.253794956745934996e-09 8.862619288265705109e-04
9.991168379783630371e-01 3.445684015890293495e-11 1.238746660803258237e-09 8.830577717162668705e-04
9.991261959075927734e-01 3.446338353585431946e-11 1.225848311747768093e-09 8.738038595765829086e-04
9.991462826728820801e-01 3.397662012849522739e-11 1.209505606780680864e-09 8.534863009117543697e-04
9.991766810417175293e-01 3.103946266680424060e-11 1.141845618057857337e-09 8.231211104430258274e-04
9.992023706436157227e-01 3.156820638228197140e-11 1.120976866886280732e-09 7.977019413374364376e-04
9.992264509201049805e-01 2.905167946487541286e-11 1.074933475564421315e-09 7.733677630312740803e-04
9.992287158966064453e-01 2.877268041878711102e-11 1.078976463730896285e-09 7.717232219874858856e-04
9.992331266403198242e-01 2.981499075405125154e-11 1.109767944207362689e-09 7.669553160667419434e-04
9.992326498031616211e-01 2.858582814901922120e-11 1.085275314061107110e-09 7.677772082388401031e-04
9.992510080337524414e-01 2.768253681839638602e-11 1.060241450190346768e-09 7.490002317354083061e-04
9.992716908454895020e-01 2.740648159804681683e-11 1.063605981066473305e-09 7.283534505404531956e-04
9.992814064025878906e-01 2.736534956970793075e-11 1.007029348798482715e-09 7.185740978457033634e-04
9.992771148681640625e-01 2.677014165897162457e-11 1.036342345273055798e-09 7.229694165289402008e-04
9.992703795433044434e-01 2.728906337012837469e-11 1.028322982321583368e-09 7.298378041014075279e-04
9.992784857749938965e-01 2.718684999347686926e-11 1.026839613338381696e-09 7.213668432086706161e-04
9.992878437042236328e-01 2.635741451484374664e-11 1.000677096740787420e-09 7.125763804651796818e-04
9.992825984954833984e-01 2.622610115188273028e-11 9.893529329119132854e-10 7.174746715463697910e-04
9.992872476577758789e-01 2.607953956956787778e-11 1.003598870674693444e-09 7.129194564186036587e-04
9.992902278900146484e-01 2.633528464746071052e-11 1.009354488878955181e-09 7.099502254277467728e-04
9.992787837982177734e-01 2.622686789965911203e-11 9.919162158311678468e-10 7.217861129902303219e-04
9.992955923080444336e-01 2.590638814581325278e-11 9.946955481510144637e-10 7.046394166536629200e-04
9.992886781692504883e-01 2.637237130065361868e-11 9.954571611459073210e-10 7.114033214747905731e-04
9.992909431457519531e-01 2.631542900255467998e-11 1.009499261961366301e-09 7.092104060575366020e-04
9.992914199829101562e-01 2.591511207017394014e-11 9.824687730031200772e-10 7.089349674060940742e-04
9.992941617965698242e-01 2.616281323530866842e-11 9.972056513873894801e-10 7.062503718771040440e-04
9.992914199829101562e-01 2.580991496914375460e-11 1.003793603793212696e-09 7.088465499691665173e-04
9.992773532867431641e-01 2.607045135327723528e-11 1.039741182040643253e-09 7.227783789858222008e-04
9.992762207984924316e-01 2.729118146749254237e-11 1.045529440801828969e-09 7.240351405926048756e-04
9.992676377296447754e-01 2.739373484994533925e-11 1.020328377343560078e-09 7.329195505008101463e-04
9.992569088935852051e-01 2.753709066327658661e-11 1.049811348963203272e-09 7.431418634951114655e-04
9.992572069168090820e-01 2.897185269468138813e-11 1.081545852876786284e-09 7.430831319652497768e-04
9.992631673812866211e-01 2.721478771505747574e-11 1.024084594902774370e-09 7.373158005066215992e-04
9.992601871490478516e-01 2.831485740317774003e-11 1.032676055778836144e-09 7.401035982184112072e-04
9.992557764053344727e-01 2.770184429068400789e-11 1.043384156851345779e-09 7.445298833772540092e-04
9.992683529853820801e-01 2.703801939285543909e-11 1.003373828467601925e-09 7.317879935726523399e-04
9.992713928222656250e-01 2.667832621483512412e-11 1.029545448893998127e-09 7.287465268746018410e-04
9.992642998695373535e-01 2.686229017001551256e-11 1.038622854387938332e-09 7.362883188761770725e-04
9.992679357528686523e-01 2.701542288485736520e-11 1.040442398902996501e-09 7.322350866161286831e-04
