2.310340096300933510e-05 4.438896939973346889e-05 2.435114583931863308e-05 9.999077916145324707e-01
2.674643110367469490e-05 3.756516525754705071e-05 2.252686317660845816e-05 9.999133348464965820e-01
3.197526166331954300e-05 5.109551784698851407e-05 3.205772736691869795e-05 9.998849630355834961e-01
2.747829603322315961e-05 4.858932152274064720e-05 3.149393887724727392e-05 9.998926520347595215e-01
2.321483589184936136e-05 3.221002043574117124e-05 2.553514786995947361e-05 9.999191761016845703e-01
2.657323966559488326e-05 4.000587068730965257e-05 2.367046909057535231e-05 9.999099373817443848e-01
2.451852742524351925e-05 4.265727329766377807e-05 2.651002068887464702e-05 9.999062418937683105e-01
2.612862590467557311e-05 4.262767106411047280e-05 2.224857780674938112e-05 9.999087452888488770e-01
3.156455932185053825e-05 4.467488543014042079e-05 2.368215791648253798e-05 9.998999834060668945e-01
2.438647970848251134e-05 3.844114689854905009e-05 2.611405761854257435e-05 9.999108314514160156e-01
2.500499977031722665e-05 4.438528048922307789e-05 1.857802999438717961e-05 9.999124407768249512e-01
2.396013405814301223e-05 3.604077210184186697e-05 1.801018515834584832e-05 9.999220371246337891e-01
2.289411349920555949e-05 4.376185461296699941e-05 2.548643533373251557e-05 9.999079704284667969e-01
2.547307849454227835e-05 3.604734229156747460e-05 2.235743158962577581e-05 9.999162554740905762e-01
2.446622602292336524e-05 3.741930777323432267e-05 2.409115404589101672e-05 9.999141693115234375e-01
2.355250035179778934e-05 4.025450834888033569e-05 2.512515129637904465e-05 9.999109506607055664e-01
2.659940946614369750e-05 3.891158849000930786e-05 2.389090877841226757e-05 9.999107718467712402e-01
2.507511817384511232e-05 5.125648021930828691e-05 2.833766120602376759e-05 9.998949766159057617e-01
2.501564995327498764e-05 4.377657023724168539e-05 2.557524567237123847e-05 9.999058246612548828e-01
3.806768654612824321e-05 3.973742786911316216e-05 2.448315535730216652e-05 9.998976588249206543e-01
2.306737405888270587e-05 3.011089756910223514e-05 2.199215850851032883e-05 9.999246001243591309e-01
2.840603701770305634e-05 4.055468161823228002e-05 3.199416096322238445e-05 9.998992681503295898e-01
2.912498894147574902e-05 3.556279989425092936e-05 2.415132075839210302e-05 9.999110102653503418e-01
2.567357842053752393e-05 3.490922972559928894e-05 2.159446012228727341e-05 9.999179244041442871e-01
2.408373075013514608e-05 4.019386324216611683e-05 2.147539635188877583e-05 9.999144673347473145e-01
2.036513797065708786e-05 3.368365651112981141e-05 1.943501956702675670e-05 9.999265670776367188e-01
2.694748218345921487e-05 3.589213520172052085e-05 2.367633169342298061e-05 9.999137520790100098e-01
2.340298851777333766e-05 4.376131983008235693e-05 2.204003067163284868e-05 9.999110698699951172e-01
2.203925760113634169e-05 3.629207276389934123e-05 2.037596095760818571e-05 9.999215602874755859e-01
2.522958311601541936e-05 4.694380550063215196e-05 2.114237940986640751e-05 9.999063611030578613e-01
3.139191539958119392e-05 4.253403312759473920e-05 2.650415990501642227e-05 9.998995065689086914e-01
2.719188705668784678e-05 3.924422344425693154e-05 2.811880585795734078e-05 9.999052882194519043e-01
2.206113822467159480e-05 3.380735142854973674e-05 2.543281698308419436e-05 9.999188184738159180e-01
2.266553383378777653e-05 4.430057742865756154e-05 2.816649248416069895e-05 9.999049305915832520e-01
2.490913720976095647e-05 3.115120853180997074e-05 1.926385994011070579e-05 9.999246001243591309e-01
2.696137016755528748e-05 3.831075082416646183e-05 2.220155511167831719e-05 9.999127388000488281e-01
2.453739216434769332e-05 4.497295230976305902e-05 2.188331563957035542e-05 9.999086856842041016e-01
2.159058567485772073e-05 3.822802318609319627e-05 2.295061312906909734e-05 9.999172687530517578e-01
2.419794691377319396e-05 3.740296597243286669e-05 2.228330049547366798e-05 9.999158382415771484e-01
2.236748878203798085e-05 3.759147875825874507e-05 1.751031231833621860e-05 9.999225139617919922e-01
3.196748730260878801e-05 3.986828596680425107e-05 2.921335362771060318e-05 9.998992085456848145e-01
2.623595355544239283e-05 3.641282091848552227e-05 2.094086266879457980e-05 9.999163150787353516e-01
3.139674299745820463e-05 3.862953599309548736e-05 2.391630914644338191e-05 9.999061822891235352e-01
3.683312024804763496e-05 3.784837826970033348e-05 2.106208376062568277e-05 9.999044537544250488e-01
2.598899300210177898e-05 3.870211003231815994e-05 2.049738213827367872e-05 9.999147057533264160e-01
2.332834810658823699e-05 3.635792745626531541e-05 1.866368620540015399e-05 9.999220371246337891e-01
2.486481753294356167e-05 3.883253884851001203e-05 2.855834827641956508e-05 9.999077916145324707e-01
2.682462763914372772e-05 4.478055416257120669e-05 2.329183917026966810e-05 9.999051690101623535e-01
2.363327439525164664e-05 3.422112422413192689e-05 2.221183785877656192e-05 9.999203085899353027e-01
3.285738057456910610e-05 3.360251139383763075e-05 2.301124732184689492e-05 9.999104738235473633e-01
2.538389708206523210e-05 2.945720007119234651e-05 2.561454130045603961e-05 9.999200105667114258e-01
2.345406210224609822e-05 3.299894888186827302e-05 1.900207462313119322e-05 9.999244213104248047e-01
2.426510764053091407e-05 2.911879710154607892e-05 1.614026768947951496e-05 9.999306201934814453e-01
2.553815465944353491e-05 4.026660099043510854e-05 2.476522422512061894e-05 9.999101758003234863e-01
2.740769014053512365e-05 3.961487891501747072e-05 2.241439506178721786e-05 9.999107122421264648e-01
2.818286702677141875e-05 4.027808608952909708e-05 2.405037230346351862e-05 9.999076724052429199e-01
2.316957034054212272e-05 3.385759555385448039e-05 2.086417225655168295e-05 9.999228715896606445e-01
2.928547837655059993e-05 4.244072260917164385e-05 2.163645876862574369e-05 9.999066591262817383e-01
2.326090179849416018e-05 3.026796002814080566e-05 1.826840343710500747e-05 9.999285340309143066e-01
2.721193050092551857e-05 3.837788972305133939e-05 1.921257535286713392e-05 9.999152421951293945e-01
2.496980596333742142e-05 2.779598798952065408e-05 1.902444091683719307e-05 9.999285340309143066e-01
2.600015432108193636e-05 3.833951996057294309e-05 2.055744153039995581e-05 9.999152421951293945e-01
3.122908674413338304e-05 3.439890497247688472e-05 2.669520108611322939e-05 9.999077916145324707e-01
2.788412894005887210e-05 3.249703149776905775e-05 2.357717312406748533e-05 9.999163746833801270e-01
2.853102159861009568e-05 3.149380427203141153e-05 1.814741335692815483e-05 9.999220371246337891e-01
2.994047099491581321e-05 3.588282925193198025e-05 2.398947071924339980e-05 9.999101758003234863e-01
2.591994598333258182e-05 4.076145705766975880e-05 2.579695137683302164e-05 9.999075531959533691e-01
2.866738032025750726e-05 4.066689507453702390e-05 1.960539339052047580e-05 9.999111890792846680e-01
2.835592931660357863e-05 4.092652307008393109e-05 2.187418976973276585e-05 9.999092817306518555e-01
4.112372334930114448e-05 4.858697866438888013e-05 2.965095154650043696e-05 9.998812675476074219e-01
2.454946297802962363e-05 3.693805047078058124e-05 1.857659299275837839e-05 9.999198317527770996e-01
3.091163307544775307e-05 4.166897269897162914e-05 2.129724998667370528e-05 9.999060630798339844e-01
2.382740967732388526e-05 3.300002208561636508e-05 1.970411904039792717e-05 9.999239444732666016e-01
3.236491829738952219e-05 4.423807695275172591e-05 2.142574885510839522e-05 9.999018311500549316e-01
2.831729216268286109e-05 3.323639612062834203e-05 1.742805397952906787e-05 9.999214410781860352e-01
3.079783346038311720e-05 3.417956395423971117e-05 2.486497760401107371e-05 9.999098181724548340e-01
2.523723196645732969e-05 4.115080810151994228e-05 2.697454328881576657e-05 9.999063014984130859e-01
4.560357047012075782e-05 3.835548341157846153e-05 2.142480843758676201e-05 9.998945593833923340e-01
3.337433008709922433e-05 3.964479765272699296e-05 2.115779898304026574e-05 9.999058842658996582e-01
2.593551653262693435e-05 2.970970854221377522e-05 2.014953861362300813e-05 9.999243021011352539e-01
3.002364610438235104e-05 3.785504668485373259e-05 2.086454333039000630e-05 9.999114871025085449e-01
3.016412847500760108e-05 3.058994479943066835e-05 1.770027301972731948e-05 9.999220371246337891e-01
2.727268292801454663e-05 2.837055762938689440e-05 2.008676710829604417e-05 9.999244809150695801e-01
4.481699943426065147e-05 3.408146585570648313e-05 2.076856071653310210e-05 9.999001622200012207e-01
3.669355646707117558e-05 3.782131170737557113e-05 2.048652640951331705e-05 9.999050498008728027e-01
3.308565283077768981e-05 3.546415246091783047e-05 2.034309181908611208e-05 9.999110102653503418e-01
3.363065115991048515e-05 3.030117295566014946e-05 2.446906364639289677e-05 9.999115467071533203e-01
3.052619285881519318e-05 3.761423431569710374e-05 2.294151090609375387e-05 9.999089837074279785e-01
3.402598667889833450e-05 3.464627297944389284e-05 1.847845669544767588e-05 9.999128580093383789e-01
2.776135443127714097e-05 3.076529173995368183e-05 2.209254125773441046e-05 9.999193549156188965e-01
3.298234150861389935e-05 3.777220990741625428e-05 1.814019742596428841e-05 9.999113678932189941e-01
3.245245898142457008e-05 2.770526771200820804e-05 1.970330595213454217e-05 9.999200701713562012e-01
3.035572080989368260e-05 3.176441532559692860e-05 2.175351801270153373e-05 9.999160766601562500e-01
3.526921136653982103e-05 3.944003765354864299e-05 2.245157884317450225e-05 9.999027848243713379e-01
3.459929575910791755e-05 4.206297307973727584e-05 2.618956932565197349e-05 9.998972415924072266e-01
3.236093471059575677e-05 2.857674735423643142e-05 1.545585109852254391e-05 9.999238252639770508e-01
3.918549191439524293e-05 3.705169729073531926e-05 2.370519359828904271e-05 9.998998045921325684e-01
4.298438216210342944e-05 3.484142143861390650e-05 1.967744537978433073e-05 9.999026060104370117e-01
4.038106271764263511e-05 2.816520827764179558e-05 2.022607623075600713e-05 9.999111890792846680e-01
3.790283881244249642e-05 3.496662611723877490e-05 1.924688694998621941e-05 9.999080300331115723e-01
4.573733531287871301e-05 3.229049980291165411e-05 1.891009196697268635e-05 9.999030828475952148e-01
3.571458364604040980e-05 4.461108255782164633e-05 1.858427822298835963e-05 9.999010562896728516e-01
3.706985080498270690e-05 3.347115489304997027e-05 1.992814031837042421e-05 9.999095797538757324e-01
3.602799552027136087e-05 3.243605533498339355e-05 1.762592546583618969e-05 9.999141097068786621e-01
4.889756382908672094e-05 3.139755790471099317e-05 1.799320125428494066e-05 9.999017119407653809e-01
5.322950164554640651e-05 3.447105700615793467e-05 1.453561162634287030e-05 9.998977184295654297e-01
6.104944623075425625e-05 3.043133983737789094e-05 1.272368172067217529e-05 9.998960494995117188e-01
2.786899676721077412e-05 3.037307578779291362e-05 1.602028169145341963e-05 9.999263286590576172e-01
3.839018972939811647e-05 3.733577977982349694e-05 1.914179847517516464e-05 9.999051094055175781e-01
5.065281584393233061e-05 3.781534906011074781e-05 2.017107544816099107e-05 9.998915791511535645e-01
7.456612365785986185e-05 2.856922947103157640e-05 1.600154610059689730e-05 9.998813271522521973e-01
3.770372495637275279e-05 3.121456029475666583e-05 1.495482410973636433e-05 9.999160170555114746e-01
7.045298116281628609e-05 3.300815296825021505e-05 2.495943772373721004e-05 9.998719096183776855e-01
9.103796037379652262e-05 3.445685433689504862e-05 1.686235555098392069e-05 9.998581409454345703e-01
6.064798799343407154e-05 3.095596548519097269e-05 1.625584445719141513e-05 9.998920559883117676e-01
5.907340164412744343e-05 4.142682519159279764e-05 2.648283043527044356e-05 9.998732805252075195e-01
9.927205974236130714e-05 2.569404205132741481e-05 1.480671562603674829e-05 9.998603463172912598e-01
8.000448724487796426e-05 3.101654147030785680e-05 1.768694346537813544e-05 9.998714923858642578e-01
1.274010719498619437e-04 2.321727151866070926e-05 1.534013608761597425e-05 9.998339414596557617e-01
1.113150428864173591e-04 2.561750625318381935e-05 1.637787136132828891e-05 9.998468160629272461e-01
1.410149125149473548e-04 2.393277463852427900e-05 1.624674041522666812e-05 9.998189806938171387e-01
1.182362830149941146e-04 2.731435961322858930e-05 1.544543010822962970e-05 9.998391270637512207e-01
4.240716225467622280e-04 2.465197212586645037e-05 1.587406040925998241e-05 9.995357394218444824e-01
1.637804380152374506e-04 2.442754703224636614e-05 1.730573058011941612e-05 9.997944831848144531e-01
1.312597742071375251e-04 2.846645838872063905e-05 2.347615372855216265e-05 9.998164772987365723e-01
8.009698649402707815e-05 2.364251849940046668e-05 1.394777427776716650e-05 9.998825192451477051e-01
2.728118561208248138e-04 2.343693631701171398e-05 1.752767639118246734e-05 9.996860623359680176e-01
1.923208328662440181e-04 2.766840589174535125e-05 1.689883538347203285e-05 9.997633695602416992e-01
2.220150490757077932e-04 2.625875276862643659e-05 1.110499397327657789e-05 9.997405409812927246e-01
4.149103770032525063e-04 1.862663884821813554e-05 1.242871076101437211e-05 9.995542168617248535e-01
2.618583384901285172e-04 2.639769627421628684e-05 1.359516954835271463e-05 9.996981620788574219e-01
2.715460723266005516e-04 2.367781416978687048e-05 1.255228653462836519e-05 9.996923208236694336e-01
1.061804359778761864e-03 1.951633021235466003e-05 1.310801599174737930e-05 9.989056587219238281e-01
1.397397601976990700e-03 2.464709541527554393e-05 1.236199841514462605e-05 9.985656738281250000e-01
5.967765464447438717e-04 1.729796167637687176e-05 9.772081284609157592e-06 9.993759989738464355e-01
2.017757389694452286e-03 1.753165633999742568e-05 9.015565410663839430e-06 9.979558587074279785e-01
2.909488976001739502e-03 2.200122071371879429e-05 1.022861670207930729e-05 9.970582127571105957e-01
7.479538675397634506e-03 1.739274011924862862e-05 9.908504580380395055e-06 9.924933910369873047e-01
9.163600392639636993e-03 1.653013350733090192e-05 9.281078746425919235e-06 9.908108711242675781e-01
4.793345462530851364e-03 1.685917413851711899e-05 1.001205600914545357e-05 9.951797723770141602e-01
7.932786829769611359e-03 1.185331166198011488e-05 7.891802852100227028e-06 9.920474886894226074e-01
1.418676506727933884e-02 1.279779917240375653e-05 8.471484761685132980e-06 9.857920408248901367e-01
1.342947781085968018e-02 1.231137321155983955e-05 7.998415640031453222e-06 9.865502715110778809e-01
2.352651208639144897e-02 1.119502121582627296e-05 8.582644113630522043e-06 9.764531254768371582e-01
5.331647023558616638e-02 1.436012189515167847e-05 8.241590876423288137e-06 9.466609954833984375e-01
5.061601847410202026e-02 1.012084703688742593e-05 4.827624252357054502e-06 9.493691325187683105e-01
8.925282210111618042e-02 1.049634283845080063e-05 6.841186859674053267e-06 9.107300043106079102e-01
1.512985974550247192e-01 6.396433946065371856e-06 3.914450644515454769e-06 8.486909270286560059e-01
1.546206474304199219e-01 5.345023510017199442e-06 4.519663434621179476e-06 8.453696370124816895e-01
2.695920765399932861e-01 4.723289293906418607e-06 3.476255642453907058e-06 7.303997874259948730e-01
3.074642121791839600e-01 4.365383574622683227e-06 1.630683641451469157e-06 6.925296187400817871e-01
4.162216484546661377e-01 3.771897581827943213e-06 2.447001406835624948e-06 5.837723612785339355e-01
5.069464445114135742e-01 5.392279490479268134e-06 2.680940951904631220e-06 4.930455982685089111e-01
6.251094937324523926e-01 6.344980192807270214e-06 2.617437075969064608e-06 3.748816847801208496e-01
7.577065229415893555e-01 7.725045065853919368e-07 3.727436705958098173e-07 2.422922700643539429e-01
8.538715243339538574e-01 8.850423114381555934e-07 2.394284592810436152e-07 1.461271494626998901e-01
8.975798487663269043e-01 1.056276488498042454e-07 3.718887953141347680e-08 1.024201959371566772e-01
9.279429912567138672e-01 1.773477293909309083e-07 2.009052479934325675e-07 7.205636054277420044e-02
9.679586887359619141e-01 6.597851709422286604e-10 9.926797578385659904e-11 3.204102814197540283e-02
9.809337258338928223e-01 1.586299494538145893e-11 2.313646609096008805e-14 1.906639710068702698e-02
9.878780245780944824e-01 9.866947536796288887e-11 3.729359876469828805e-11 1.212171372026205063e-02
9.990906715393066406e-01 5.870562349526411354e-17 6.810677393443905738e-19 9.095124551095068455e-04
9.962248802185058594e-01 6.328329516230163376e-14 3.535366232282496045e-15 3.775161923840641975e-03
9.996739625930786133e-01 2.727625588351771099e-17 2.700020916949651459e-20 3.259260847698897123e-04
9.989948868751525879e-01 2.064085461253063747e-15 4.395163387025489903e-18 1.004947349429130554e-03
9.996618032455444336e-01 1.377687177308298738e-16 9.910914592505251758e-21 3.385808959137648344e-04
9.998503923416137695e-01 4.853782614114823200e-19 2.807313371176007450e-22 1.495959731983020902e-04
9.999023675918579102e-01 2.306069041637882902e-20 3.519344525373775791e-23 9.773193596629425883e-05
9.999087452888488770e-01 1.331404306909281147e-20 5.808903493339755791e-23 9.098189184442162514e-05
9.999288916587829590e-01 8.126732055461687003e-21 2.422972070890043782e-23 7.119588553905487061e-05
9.999384880065917969e-01 2.592691809090195279e-20 4.629680133424281797e-23 6.147093517938628793e-05
9.999461770057678223e-01 5.434592376447947277e-21 1.706394174870071200e-23 5.400538066169247031e-05
9.999575018882751465e-01 2.013533306054880184e-21 3.350489479699942391e-24 4.266255200491286814e-05
9.999617338180541992e-01 1.855712051551485835e-21 2.350373793428232981e-24 3.840122735709883273e-05
9.999662637710571289e-01 1.473681533116193489e-21 1.991707927677732091e-24 3.356941670062951744e-05
9.999662637710571289e-01 9.307737761395530110e-22 9.875139291336432034e-25 3.346223820699378848e-05
9.999716281890869141e-01 6.351770683933206183e-22 7.735333871363741223e-25 2.852765101124532521e-05
9.999748468399047852e-01 4.630504966386780887e-22 5.911788704750943203e-25 2.488804602762684226e-05
9.999775886535644531e-01 4.233817488063129043e-22 4.702777523180825931e-25 2.270414370286744088e-05
9.999780654907226562e-01 3.218123605404777606e-22 3.728413510906764384e-25 2.216899883933365345e-05
9.999809861183166504e-01 2.476899296568548744e-22 2.417140071521551418e-25 1.890655221359338611e-05
9.999824762344360352e-01 2.040486423888649605e-22 1.871986156574025776e-25 1.780336606316268444e-05
9.999825954437255859e-01 2.395775870301495938e-22 2.386311140826481395e-25 1.771261304384097457e-05
9.999829530715942383e-01 2.166634370311117539e-22 2.928475765981285165e-25 1.697124753263778985e-05
9.999850988388061523e-01 1.448847434513367025e-22 1.332518572898462781e-25 1.518077715445542708e-05
9.999859333038330078e-01 1.358006756506929378e-22 1.381234308321837043e-25 1.416017039446160197e-05
9.999859929084777832e-01 1.105628064821381514e-22 9.176336349429164667e-26 1.410015556757571176e-05
9.999869465827941895e-01 1.063089781803733344e-22 9.180393436412813042e-26 1.366615742881549522e-05
9.999878406524658203e-01 9.197524300387547273e-23 8.143398798644860789e-26 1.256357427337206900e-05
9.999881982803344727e-01 8.210606927591954830e-23 6.624987618621395392e-26 1.237616834259824827e-05
9.999887347221374512e-01 7.909187593328075456e-23 6.017201722325298195e-26 1.174499175249366090e-05
9.999892115592956543e-01 6.569788235418009634e-23 5.352655435005802588e-26 1.134012927650474012e-05
9.999896287918090820e-01 6.570933661452390543e-23 5.219431619255946588e-26 1.101485668186796829e-05
9.999898672103881836e-01 5.923601344603994200e-23 4.523321959412668551e-26 1.066872391675133258e-05
9.999902248382568359e-01 5.741462196830601050e-23 4.519028522306244974e-26 1.031634110404411331e-05
9.999904632568359375e-01 5.524379035310813783e-23 4.112529114143439795e-26 1.026491554512176663e-05
9.999914169311523438e-01 4.917581862760656000e-23 3.725779578299941290e-26 9.524656888970639557e-06
9.999917745590209961e-01 4.787198301257002992e-23 3.660143577646433191e-26 9.155913176073227078e-06
9.999915361404418945e-01 4.544612844393230856e-23 3.395860075106630240e-26 9.255053555534686893e-06
9.999916553497314453e-01 4.432092880316126616e-23 3.349844216131374891e-26 9.109795428230427206e-06
9.999921321868896484e-01 4.361077728361958603e-23 3.244585211322812658e-26 8.886802788765635341e-06
9.999923110008239746e-01 4.038419103085908708e-23 2.909804044652286020e-26 8.903502020984888077e-06
9.999920725822448730e-01 4.110862408822888841e-23 2.876915632326765173e-26 8.770702152105513960e-06
9.999925494194030762e-01 3.806649244777078732e-23 2.776070858950738484e-26 8.682590305397752672e-06
9.999929070472717285e-01 3.697812630038632441e-23 2.671328311516063131e-26 8.510754923918284476e-06
9.999924302101135254e-01 3.731428202020634373e-23 2.656451812328033918e-26 8.614281796326395124e-06
9.999929070472717285e-01 3.603647250415486527e-23 2.521964586534659891e-26 8.369718671019654721e-06
9.999926090240478516e-01 3.460229813491409873e-23 2.459411614536126878e-26 8.411981070821639150e-06
9.999929666519165039e-01 3.391067222487062884e-23 2.383925945923835802e-26 8.243479896918870509e-06
9.999930262565612793e-01 3.328574608208540594e-23 2.308930696112583490e-26 8.199138392228633165e-06
9.999931454658508301e-01 3.354789402722121082e-23 2.351418867727303627e-26 8.291028279927559197e-06
9.999935030937194824e-01 3.308263017620909982e-23 2.268184489613962721e-26 8.073874596448149532e-06
9.999934434890747070e-01 3.204627836147128954e-23 2.220673030481094020e-26 7.991440725163556635e-06
9.999936223030090332e-01 3.231071084778861447e-23 2.237119239610996607e-26 8.011616955627687275e-06
9.999933838844299316e-01 3.163455923326195994e-23 2.168555363218833255e-26 7.901273420429788530e-06
9.999934434890747070e-01 3.169991793698133121e-23 2.196864684508579011e-26 7.884778824518434703e-06
9.999935030937194824e-01 3.090217761341115170e-23 2.137187511103005018e-26 7.910676686151418835e-06
9.999936223030090332e-01 3.074849804274323595e-23 2.151808554943210709e-26 7.875495612097438425e-06
9.999938011169433594e-01 3.077337240480666489e-23 2.110790715285233564e-26 7.865950465202331543e-06
9.999935030937194824e-01 3.073706587050477304e-23 2.126687341046205809e-26 7.927636943350080401e-06
9.999935626983642578e-01 3.057432386575767831e-23 2.092406866556881867e-26 7.858245226088911295e-06
9.999935626983642578e-01 3.058982024937983986e-23 2.097878818714874882e-26 7.829529749869834632e-06
9.999935030937194824e-01 3.055868864261619785e-23 2.092434754022476594e-26 7.872937203501351178e-06
9.999935030937194824e-01 3.021456542765344632e-23 2.082951320901918294e-26 7.865309271437581629e-06
9.999936223030090332e-01 3.030976200625189714e-23 2.088735273710902041e-26 7.838290002837311476e-06
9.999937415122985840e-01 2.999168697837954341e-23 2.060902504526595463e-26 7.820134669600520283e-06
9.999936223030090332e-01 2.980534225534823600e-23 2.043062846563329824e-26 7.780259693390689790e-06
9.999937415122985840e-01 3.001606909123811444e-23 2.045468410101067257e-26 7.796575118845794350e-06
9.999934434890747070e-01 2.974915958167839554e-23 2.052461230617543984e-26 7.803393600624985993e-06
9.999937415122985840e-01 2.998437581550995507e-23 2.052917907125957085e-26 7.770585398247931153e-06
9.999936223030090332e-01 2.973659144973641438e-23 2.029431114416956969e-26 7.781002750562038273e-06
9.999936223030090332e-01 2.994659253359348949e-23 2.045419106294490944e-26 7.796035788487643003e-06
9.999937415122985840e-01 2.973494746360993379e-23 2.033170654071374777e-26 7.765982445562258363e-06
9.999937415122985840e-01 2.971905980497878261e-23 2.032713669414170573e-26 7.774122423143126070e-06
9.999935030937194824e-01 2.972658553801459107e-23 2.034401246268640445e-26 7.786103196849580854e-06
9.999936223030090332e-01 2.975472893966925588e-23 2.028296818716910662e-26 7.779482075420673937e-06
9.999936223030090332e-01 2.978484764903059411e-23 2.041157254439155317e-26 7.779418410791549832e-06
9.999936223030090332e-01 2.974631652697597901e-23 2.040026502450206683e-26 7.785005436744540930e-06
9.999936819076538086e-01 2.972851351406695122e-23 2.028010240341185841e-26 7.780537998769432306e-06
9.999936819076538086e-01 2.967673583969186489e-23 2.029780092922879936e-26 7.776565325912088156e-06
9.999938011169433594e-01 2.973098422642210343e-23 2.028515450284197501e-26 7.758038009342271835e-06
9.999936223030090332e-01 2.996558199330396969e-23 2.041417023870054268e-26 7.811023351678159088e-06
9.999937415122985840e-01 2.978952086103312339e-23 2.037587196619843586e-26 7.758833817206323147e-06
9.999938011169433594e-01 2.975500977415151456e-23 2.042681512434341151e-26 7.785553862049710006e-06
9.999936819076538086e-01 2.979832139329176900e-23 2.038355873779247420e-26 7.787220056343358010e-06
9.999936819076538086e-01 2.961000767344102994e-23 2.032987613689460214e-26 7.764720066916197538e-06
9.999937415122985840e-01 2.965469191055636893e-23 2.027439548780065016e-26 7.760061635053716600e-06
9.999936819076538086e-01 2.973053615342793789e-23 2.041475109917176987e-26 7.765056579955853522e-06
9.999938011169433594e-01 2.986823024671245506e-23 2.048636950045573137e-26 7.779245606798212975e-06
9.999935626983642578e-01 2.971050224187894508e-23 2.039358589945493190e-26 7.796899808454327285e-06
9.999937415122985840e-01 2.959034925968292233e-23 2.032128803008659058e-26 7.758155334158800542e-06
