1.664837764110416174e-04 7.108369754860177636e-05 1.247379695996642113e-04 9.996373057365417480e-01
1.735385158099234104e-04 9.479585423832759261e-05 1.486776018282398582e-04 9.995827674865722656e-01
1.440292689949274063e-04 8.919780520955100656e-05 1.425701047992333770e-04 9.996243119239807129e-01
1.504261599620804191e-04 8.059444371610879898e-05 1.597486698301509023e-04 9.996093511581420898e-01
1.564783742651343346e-04 8.301797788590192795e-05 1.331429375568404794e-04 9.996273517608642578e-01
1.795641146600246429e-04 1.082767921616323292e-04 1.550548040540888906e-04 9.995569586753845215e-01
1.497976918471977115e-04 8.215101115638390183e-05 1.391680852975696325e-04 9.996292591094970703e-01
1.328284415649250150e-04 7.268110493896529078e-05 1.289877109229564667e-04 9.996657371520996094e-01
2.311222342541441321e-04 1.070080033969134092e-04 1.642808347241953015e-04 9.994975328445434570e-01
1.586765720276162028e-04 7.952102168928831816e-05 1.283356104977428913e-04 9.996333122253417969e-01
1.601561380084604025e-04 9.061961463885381818e-05 1.584630954312160611e-04 9.995904564857482910e-01
1.903211959870532155e-04 9.587219392415136099e-05 1.539366203360259533e-04 9.995595216751098633e-01
1.538468786748126149e-04 7.873817958170548081e-05 1.344582560705021024e-04 9.996329545974731445e-01
1.555341877974569798e-04 9.113480336964130402e-05 1.357119181193411350e-04 9.996174573898315430e-01
1.679442648310214281e-04 8.781876385910436511e-05 1.559617958264425397e-04 9.995881319046020508e-01
1.590564061189070344e-04 7.000288314884528518e-05 1.404092035954818130e-04 9.996303319931030273e-01
1.766804198268800974e-04 8.647418144391849637e-05 1.451094722142443061e-04 9.995918273925781250e-01
1.625810982659459114e-04 8.436567441094666719e-05 1.597179943928495049e-04 9.995933175086975098e-01
1.581468968652188778e-04 8.810128201730549335e-05 1.275968097615987062e-04 9.996260404586791992e-01
1.936281332746148109e-04 8.872686885297298431e-05 2.330769493710249662e-04 9.994843602180480957e-01
1.582933764439076185e-04 8.000824891496449709e-05 1.575665228301659226e-04 9.996044635772705078e-01
1.820268953451886773e-04 8.560505375498905778e-05 1.776050048647448421e-04 9.995543956756591797e-01
1.744101464282721281e-04 9.684126416686922312e-05 1.580494863446801901e-04 9.995706677436828613e-01
1.602057163836434484e-04 9.718671208247542381e-05 1.525051047792658210e-04 9.995899796485900879e-01
1.589420280652120709e-04 1.083470851881429553e-04 1.412799610989168286e-04 9.995918869972229004e-01
1.716165861580520868e-04 1.028915503411553800e-04 1.588221202837303281e-04 9.995664954185485840e-01
1.806290965760126710e-04 9.065440099220722914e-05 1.513567258371040225e-04 9.995769858360290527e-01
1.448792318115010858e-04 8.528567559551447630e-05 1.500354410381987691e-04 9.996197223663330078e-01
1.701107394183054566e-04 7.269600610015913844e-05 1.585939899086952209e-04 9.995986223220825195e-01
1.975958002731204033e-04 8.454239286947995424e-05 1.498102210462093353e-04 9.995678663253784180e-01
1.528520951978862286e-04 9.375714580528438091e-05 1.548325672047212720e-04 9.995982050895690918e-01
1.534854236524552107e-04 8.054806676227599382e-05 1.403037022100761533e-04 9.996254444122314453e-01
1.492050214437767863e-04 8.445788262179121375e-05 1.517050695838406682e-04 9.996148347854614258e-01
1.582022814545780420e-04 8.156226977007463574e-05 1.327211066382005811e-04 9.996272921562194824e-01
1.845815713750198483e-04 9.542861516820266843e-05 1.718191342661157250e-04 9.995481967926025391e-01
1.702541630947962403e-04 1.131531826104037464e-04 1.802061160560697317e-04 9.995365738868713379e-01
1.634594373172149062e-04 8.640216401545330882e-05 1.553615584271028638e-04 9.995947480201721191e-01
1.729656942188739777e-04 7.923334487713873386e-05 1.349726808257400990e-04 9.996126294136047363e-01
2.112379297614097595e-04 7.868035027058795094e-05 1.514374162070453167e-04 9.995588660240173340e-01
1.318000140599906445e-04 1.104212424252182245e-04 1.404711074428632855e-04 9.996172785758972168e-01
1.660533307585865259e-04 9.094890992855653167e-05 1.430756819900125265e-04 9.995999336242675781e-01
2.023747947532683611e-04 1.030229832394979894e-04 1.606047444511204958e-04 9.995340704917907715e-01
1.758074649842455983e-04 1.127830400946550071e-04 1.564421399962157011e-04 9.995546340942382812e-01
1.949036523001268506e-04 1.042133444570936263e-04 1.406063529429957271e-04 9.995602369308471680e-01
1.626769371796399355e-04 8.208838698919862509e-05 1.532958849566057324e-04 9.996023774147033691e-01
1.513289462309330702e-04 9.403935837326571345e-05 1.494845346314832568e-04 9.996051192283630371e-01
1.684076414676383138e-04 9.290017624152824283e-05 1.445267844246700406e-04 9.995940327644348145e-01
1.651454658713191748e-04 7.681783608859404922e-05 1.451699208701029420e-04 9.996126890182495117e-01
1.784275518730282784e-04 1.029786726576276124e-04 1.506838307250291109e-04 9.995676875114440918e-01
1.555637136334553361e-04 9.335701906820759177e-05 1.342803298030048609e-04 9.996170997619628906e-01
1.491631410317495465e-04 8.907505980459973216e-05 1.426660164725035429e-04 9.996190071105957031e-01
1.960568770300596952e-04 1.057236077031120658e-04 1.708123163552954793e-04 9.995267987251281738e-01
1.715352555038407445e-04 9.201611101161688566e-05 1.597517111804336309e-04 9.995765686035156250e-01
1.754004333633929491e-04 6.962988845771178603e-05 1.426810340490192175e-04 9.996122717857360840e-01
1.939030189532786608e-04 1.009489496937021613e-04 1.383429626002907753e-04 9.995667338371276855e-01
1.769778173184022307e-04 9.941599273588508368e-05 1.402731286361813545e-04 9.995834231376647949e-01
1.599084353074431419e-04 8.316501043736934662e-05 1.424516522092744708e-04 9.996143579483032227e-01
2.009999734582379460e-04 1.168522794614546001e-04 1.735996484057977796e-04 9.995080828666687012e-01
1.532427559141069651e-04 7.685301534365862608e-05 1.226222666446119547e-04 9.996473193168640137e-01
1.684988528722897172e-04 8.351603901246562600e-05 1.532703608972951770e-04 9.995943903923034668e-01
1.537182542961090803e-04 9.877033880911767483e-05 1.757088321028277278e-04 9.995718598365783691e-01
1.472249423386529088e-04 8.644098124932497740e-05 1.212273127748630941e-04 9.996452927589416504e-01
1.573154004290699959e-04 7.820206519681960344e-05 1.320120791206136346e-04 9.996323585510253906e-01
1.904468808788806200e-04 8.416097261942923069e-05 1.611475745448842645e-04 9.995642900466918945e-01
1.873580476967617869e-04 1.021917851176112890e-04 1.296948175877332687e-04 9.995809197425842285e-01
1.601215772097930312e-04 9.455381950829178095e-05 1.362579350825399160e-04 9.996091127395629883e-01
1.791204413166269660e-04 9.556853183312341571e-05 1.446259120712056756e-04 9.995806217193603516e-01
1.690078934188932180e-04 1.150091993622481823e-04 1.609114406164735556e-04 9.995554089546203613e-01
1.515347539680078626e-04 8.351025462616235018e-05 1.323001051787286997e-04 9.996328949928283691e-01
1.828955428209155798e-04 8.880411769496276975e-05 1.533063041279092431e-04 9.995750188827514648e-01
1.985986600629985332e-04 7.394308340735733509e-05 1.457721082260832191e-04 9.995813965797424316e-01
1.511496084276586771e-04 8.507702295901253819e-05 1.214473959407769144e-04 9.996422529220581055e-01
1.524070248706266284e-04 8.926373993745073676e-05 1.375086285406723619e-04 9.996207952499389648e-01
1.549486041767522693e-04 7.563556573586538434e-05 1.287855557166039944e-04 9.996406435966491699e-01
1.560908713145181537e-04 9.652596781961619854e-05 1.476947072660550475e-04 9.995992183685302734e-01
1.914807071443647146e-04 8.704750507604330778e-05 1.569205778650939465e-04 9.995648860931396484e-01
1.493084128014743328e-04 8.629395597381517291e-05 1.519294892204925418e-04 9.996123313903808594e-01
1.884184457594528794e-04 1.011542335618287325e-04 1.921284565469250083e-04 9.995183348655700684e-01
1.988232979783788323e-04 9.898742428049445152e-05 1.543704420328140259e-04 9.995478987693786621e-01
1.799288147594779730e-04 8.488680759910494089e-05 1.330936211161315441e-04 9.996021389961242676e-01
1.497603370808064938e-04 1.042279473040252924e-04 1.354898995487019420e-04 9.996105432510375977e-01
1.706916227703914046e-04 1.148183728219009936e-04 1.516879274277016521e-04 9.995633959770202637e-01
1.656809035921469331e-04 8.949027687776833773e-05 1.486846886109560728e-04 9.995961785316467285e-01
2.138282870873808861e-04 1.216283926623873413e-04 1.710404467303305864e-04 9.994931221008300781e-01
1.927445991896092892e-04 9.404683078173547983e-05 1.393747515976428986e-04 9.995737075805664062e-01
1.986187708098441362e-04 9.051342203747481108e-05 1.406137162121012807e-04 9.995704889297485352e-01
2.010797325056046247e-04 9.368295286549255252e-05 1.579893287271261215e-04 9.995468854904174805e-01
2.203727781306952238e-04 1.164121349574998021e-04 1.650601334404200315e-04 9.994978904724121094e-01
1.918745110742747784e-04 1.056661567417904735e-04 1.510488364147022367e-04 9.995516538619995117e-01
1.500126963946968317e-04 8.103156869765371084e-05 1.340892049483954906e-04 9.996348619461059570e-01
1.861787022789940238e-04 9.545777720632031560e-05 1.418252941220998764e-04 9.995766282081604004e-01
1.499864738434553146e-04 8.431994501734152436e-05 1.263724552700296044e-04 9.996394515037536621e-01
1.899332855828106403e-04 8.664056804263964295e-05 1.475430908612906933e-04 9.995760321617126465e-01
1.602438715053722262e-04 8.612459350842982531e-05 1.634731888771057129e-04 9.995901584625244141e-01
1.852858840720728040e-04 9.144710202235728502e-05 1.467420952394604683e-04 9.995765089988708496e-01
1.541755773359909654e-04 8.682200859766453505e-05 1.563576515763998032e-04 9.996031522750854492e-01
2.184992918046191335e-04 1.047400364768691361e-04 1.561870740260928869e-04 9.995205998420715332e-01
1.789956295397132635e-04 8.684635395184159279e-05 1.434890873497352004e-04 9.995905160903930664e-01
1.880623603938147426e-04 1.121026143664494157e-04 1.800356840249150991e-04 9.995198249816894531e-01
1.391809346387162805e-04 9.543732448946684599e-05 1.358941226499155164e-04 9.996296167373657227e-01
1.823340717237442732e-04 9.371240594191476703e-05 1.485861866967752576e-04 9.995753169059753418e-01
1.543289399705827236e-04 9.488335490459576249e-05 1.298887655138969421e-04 9.996206760406494141e-01
1.500386279076337814e-04 7.507367263315245509e-05 1.303711469518020749e-04 9.996445178985595703e-01
1.599823881406337023e-04 9.988719830289483070e-05 1.498678902862593532e-04 9.995901584625244141e-01
1.579305680934339762e-04 9.538612357573583722e-05 1.231009082403033972e-04 9.996232986450195312e-01
1.808150991564616561e-04 9.905964543577283621e-05 1.647519384277984500e-04 9.995555877685546875e-01
1.754658733261749148e-04 8.735725714359432459e-05 1.647509634494781494e-04 9.995723366737365723e-01
1.818862219806760550e-04 7.759486470604315400e-05 1.609960891073569655e-04 9.995796680450439453e-01
2.163979370379820466e-04 9.574726573191583157e-05 1.370092504657804966e-04 9.995511174201965332e-01
1.973712933249771595e-04 1.410607510479167104e-04 1.693068188615143299e-04 9.994919896125793457e-01
1.650496706133708358e-04 9.781980043044313788e-05 1.366637006867676973e-04 9.996004104614257812e-01
1.873603032436221838e-04 9.556173608871176839e-05 1.408030802849680185e-04 9.995765089988708496e-01
1.887987455120310187e-04 9.002412116387858987e-05 1.449771662009879947e-04 9.995762109756469727e-01
1.691469515208154917e-04 9.207898983731865883e-05 1.438300241716206074e-04 9.995949268341064453e-01
1.687464828137308359e-04 8.886244904715567827e-05 1.360365131404250860e-04 9.996064305305480957e-01
1.936088810907676816e-04 1.012413122225552797e-04 1.461918291170150042e-04 9.995588064193725586e-01
1.852092245826497674e-04 8.509493636665865779e-05 1.358107983833178878e-04 9.995940327644348145e-01
1.903320517158135772e-04 8.424077532254159451e-05 1.528851717012003064e-04 9.995729327201843262e-01
1.653831277508288622e-04 1.139343585236929357e-04 1.573170593474060297e-04 9.995633363723754883e-01
2.050471521215513349e-04 8.668178634252399206e-05 1.255428069271147251e-04 9.995830655097961426e-01
1.503308885730803013e-04 7.911373540991917253e-05 1.297074923058971763e-04 9.996408820152282715e-01
1.904021482914686203e-04 1.002501958282664418e-04 1.488303096266463399e-04 9.995604157447814941e-01
1.648199686314910650e-04 6.889877113280817866e-05 1.096383348340168595e-04 9.996567964553833008e-01
1.787907822290435433e-04 8.409682777710258961e-05 1.312345848418772221e-04 9.996056556701660156e-01
2.312582219019532204e-04 1.224744482897222042e-04 1.600990508450195193e-04 9.994861483573913574e-01
2.132078952854499221e-04 9.836645040195435286e-05 1.276752009289339185e-04 9.995605349540710449e-01
2.274287253385409713e-04 1.572358014527708292e-04 1.429874973837286234e-04 9.994724392890930176e-01
2.300656778970733285e-04 1.108732321881689131e-04 1.706992625258862972e-04 9.994887709617614746e-01
2.423369151074439287e-04 1.074042302207089961e-04 1.953190658241510391e-04 9.994551539421081543e-01
1.760814629960805178e-04 1.042747171595692635e-04 1.515143521828576922e-04 9.995679855346679688e-01
1.836146693676710129e-04 8.625804184703156352e-05 1.315784174948930740e-04 9.995986223220825195e-01
2.285712544107809663e-04 1.147928342106752098e-04 1.655719097470864654e-04 9.994912743568420410e-01
2.021916443482041359e-04 1.052329389494843781e-04 1.680917193880304694e-04 9.995243549346923828e-01
1.926998083945363760e-04 1.030426938086748123e-04 1.467713445890694857e-04 9.995577335357666016e-01
1.990491728065535426e-04 9.597527969162911177e-05 1.472783333156257868e-04 9.995579719543457031e-01
1.836312731029465795e-04 9.535660501569509506e-05 1.393588900100439787e-04 9.995814561843872070e-01
2.041644329437986016e-04 1.122293469961732626e-04 1.369884412270039320e-04 9.995468854904174805e-01
1.742536696838214993e-04 7.785197522025555372e-05 1.183821150334551930e-04 9.996299743652343750e-01
1.886981917778030038e-04 9.347729792352765799e-05 1.326380879618227482e-04 9.995852708816528320e-01
2.176993584726005793e-04 8.736584277357906103e-05 1.370585232507437468e-04 9.995578527450561523e-01
2.130132343154400587e-04 1.113020844059064984e-04 1.485381799284368753e-04 9.995270967483520508e-01
2.034900389844551682e-04 1.083162424038164318e-04 1.602389966137707233e-04 9.995279908180236816e-01
3.241739177610725164e-04 1.069365898729301989e-04 1.278953277505934238e-04 9.994410276412963867e-01
1.717659033602103591e-04 7.478523184545338154e-05 1.216573946294374764e-04 9.996316432952880859e-01
2.181672316510230303e-04 8.599326974945142865e-05 1.453891018172726035e-04 9.995502233505249023e-01
2.066189772449433804e-04 9.401940769748762250e-05 1.674556260695680976e-04 9.995316267013549805e-01
2.034794888459146023e-04 1.006661113933660090e-04 1.536656782263889909e-04 9.995421767234802246e-01
2.215074055129662156e-04 1.149676900240592659e-04 1.447969407308846712e-04 9.995189309120178223e-01
2.394027542322874069e-04 9.750667959451675415e-05 1.391831610817462206e-04 9.995234012603759766e-01
2.517245593480765820e-04 1.173533601104281843e-04 1.437281171092763543e-04 9.994867444038391113e-01
1.983968977583572268e-04 8.972016803454607725e-05 1.330177183263003826e-04 9.995789527893066406e-01
2.249543613288551569e-04 1.013138826237991452e-04 1.586187572684139013e-04 9.995151162147521973e-01
2.078866236843168736e-04 1.098463180824182928e-04 1.089553625206463039e-04 9.995734691619873047e-01
3.427396295592188835e-04 8.365362009499222040e-05 1.389107201248407364e-04 9.994349479675292969e-01
2.684987266547977924e-04 9.769435564521700144e-05 1.349229423794895411e-04 9.994981884956359863e-01
2.366225526202470064e-04 1.273048546863719821e-04 1.302473538089543581e-04 9.995055794715881348e-01
2.611920062918215990e-04 9.944255725713446736e-05 1.296550472034141421e-04 9.995098114013671875e-01
3.521283215377479792e-04 1.078483983292244375e-04 1.389018725603818893e-04 9.994009137153625488e-01
3.343959688208997250e-04 1.003215875243768096e-04 1.172140982816927135e-04 9.994478821754455566e-01
2.641828905325382948e-04 9.910089283948764205e-05 1.839668257161974907e-04 9.994528889656066895e-01
2.789397258311510086e-04 9.551386756356805563e-05 1.650634367251768708e-04 9.994608759880065918e-01
3.614645393099635839e-04 7.500231731683015823e-05 1.044573291437700391e-04 9.994586706161499023e-01
2.881508553400635719e-04 1.157499355031177402e-04 1.308274222537875175e-04 9.994652271270751953e-01
2.886890142690390348e-04 9.886421321425586939e-05 1.306581980315968394e-04 9.994817376136779785e-01
3.043150936719030142e-04 1.234837400261312723e-04 1.360308524454012513e-04 9.994360208511352539e-01
4.593860940076410770e-04 1.017868416965939105e-04 1.508603018010035157e-04 9.992880821228027344e-01
5.019798409193754196e-04 1.053676678566262126e-04 1.317559945164248347e-04 9.992607831954956055e-01
3.244726103730499744e-04 1.057878180290572345e-04 1.158048034994862974e-04 9.994540810585021973e-01
4.398140590637922287e-04 1.096073392545804381e-04 1.354000996798276901e-04 9.993152022361755371e-01
4.891039570793509483e-04 9.786328882910311222e-05 1.449918927391991019e-04 9.992680549621582031e-01
4.611003678292036057e-04 1.047335681505501270e-04 1.376999134663492441e-04 9.992968440055847168e-01
5.011080647818744183e-04 1.108628493966534734e-04 1.451564312446862459e-04 9.992429614067077637e-01
3.706958086695522070e-04 1.086727934307418764e-04 1.234135561389848590e-04 9.993973970413208008e-01
3.799081023316830397e-04 8.726128726266324520e-05 9.760144894244149327e-05 9.994351863861083984e-01
7.090319995768368244e-04 9.031056106323376298e-05 1.155593927251175046e-04 9.990851283073425293e-01
7.618044619448482990e-04 9.021399455377832055e-05 1.053427331498824060e-04 9.990424513816833496e-01
9.532718104310333729e-04 9.659792704042047262e-05 1.349265949102118611e-04 9.988148212432861328e-01
4.985940176993608475e-04 7.600736716995015740e-05 1.013983419397845864e-04 9.993239045143127441e-01
8.948061731643974781e-04 1.289233041461557150e-04 1.488565176259726286e-04 9.988275170326232910e-01
6.492494721896946430e-04 1.035423338180407882e-04 1.245100720552727580e-04 9.991228580474853516e-01
1.395519822835922241e-03 8.841545059112831950e-05 9.365554433315992355e-05 9.984226226806640625e-01
9.737463551573455334e-04 1.222756691277027130e-04 9.347037121187895536e-05 9.988107085227966309e-01
9.401476127095520496e-04 1.149970703409053385e-04 1.032921572914347053e-04 9.988416433334350586e-01
3.574857721105217934e-03 8.978400001069530845e-05 9.461714944336563349e-05 9.962407946586608887e-01
2.271556062623858452e-03 8.375095057999715209e-05 1.147907460108399391e-04 9.975300431251525879e-01
2.725505502894520760e-03 7.983921386767178774e-05 1.110070224967785180e-04 9.970836043357849121e-01
2.675854368135333061e-03 1.262125879293307662e-04 1.262855803361162543e-04 9.970720410346984863e-01
2.793622901663184166e-03 9.069938096217811108e-05 1.160740139312110841e-04 9.969998598098754883e-01
5.452278070151805878e-03 8.625755435787141323e-05 9.481833694735541940e-05 9.943662285804748535e-01
4.232350736856460571e-03 8.338466432178393006e-05 9.721981041366234422e-05 9.955871105194091797e-01
4.541976843029260635e-03 7.681713759666308761e-05 1.076536136679351330e-04 9.952738285064697266e-01
8.020475506782531738e-03 7.023778744041919708e-05 7.568470755359157920e-05 9.918335676193237305e-01
7.516266312450170517e-03 8.030903700273483992e-05 1.003761353786103427e-04 9.923027157783508301e-01
2.020799368619918823e-02 8.132577931974083185e-05 9.107729420065879822e-05 9.796194434165954590e-01
1.415611151605844498e-02 6.989474059082567692e-05 6.267657590797170997e-05 9.857116937637329102e-01
1.882313750684261322e-02 6.796955858590081334e-05 8.705162326805293560e-05 9.810214638710021973e-01
3.656757622957229614e-02 5.610149673884734511e-05 6.576284795301035047e-05 9.633106589317321777e-01
4.121037572622299194e-02 7.101149822119623423e-05 1.566974533488973975e-04 9.585616588592529297e-01
6.023852899670600891e-02 6.425191531889140606e-05 6.078474689275026321e-05 9.396365284919738770e-01
6.497187167406082153e-02 3.624676901381462812e-05 4.522408562479540706e-05 9.349465966224670410e-01
7.417406141757965088e-02 4.646325396606698632e-05 6.317380757536739111e-05 9.257162213325500488e-01
9.233109652996063232e-02 5.155131657375022769e-05 4.868038013228215277e-05 9.075686931610107422e-01
1.239086538553237915e-01 5.745629096054472029e-05 5.906951992074027658e-05 8.759745359420776367e-01
1.526271402835845947e-01 6.625270907534286380e-05 6.100824248278513551e-05 8.472453355789184570e-01
1.992364972829818726e-01 3.557920354069210589e-05 6.091581235523335636e-05 8.006672859191894531e-01
2.110525220632553101e-01 2.926975685113575310e-05 4.806358629139140248e-05 7.888702154159545898e-01
2.592127621173858643e-01 4.492612424655817449e-05 5.181261076359078288e-05 7.406905889511108398e-01
3.036143779754638672e-01 2.565652357588987797e-05 2.014334859268274158e-05 6.963399052619934082e-01
3.716269731521606445e-01 4.372138573671691120e-05 5.443183181341737509e-05 6.282747983932495117e-01
4.171267747879028320e-01 2.330448478460311890e-05 2.611212221381720155e-05 5.828239321708679199e-01
4.511294364929199219e-01 2.037868398474529386e-05 1.561634599056560546e-05 5.488346815109252930e-01
4.486041665077209473e-01 2.586690425232518464e-05 2.959979428851511329e-05 5.513404607772827148e-01
5.133444070816040039e-01 1.831399822549428791e-05 4.180512041784822941e-05 4.865959584712982178e-01
5.556023716926574707e-01 2.114127346430905163e-05 3.411945726838894188e-05 4.443424046039581299e-01
5.924675464630126953e-01 8.867854376148898154e-06 1.735372643452137709e-05 4.075060784816741943e-01
5.945473909378051758e-01 1.522082402516389266e-05 2.198091897298581898e-05 4.054155349731445312e-01
6.176512241363525391e-01 1.602967495273333043e-05 1.817100928747095168e-05 3.823150098323822021e-01
6.380040645599365234e-01 1.180336221295874566e-05 1.384658025926910341e-05 3.619705438613891602e-01
6.511114835739135742e-01 1.499594691267702729e-05 1.915842949529178441e-05 3.488539457321166992e-01
6.513859033584594727e-01 1.414247799402801320e-05 3.584861769923008978e-05 3.485644459724426270e-01
6.599876880645751953e-01 2.156680966436397284e-05 2.899664832511916757e-05 3.399619162082672119e-01
6.684756278991699219e-01 8.809675819065887481e-06 2.181831041525583714e-05 3.314942419528961182e-01
6.737369894981384277e-01 1.511847676738398150e-05 2.109423439833335578e-05 3.262266814708709717e-01
6.861960887908935547e-01 1.467825768486363813e-05 2.369985486438963562e-05 3.137654364109039307e-01
6.862113475799560547e-01 1.259482814930379391e-05 1.631839040783233941e-05 3.137598931789398193e-01
6.904876828193664551e-01 1.149737545347306877e-05 1.890396015369333327e-05 3.094817399978637695e-01
6.950207352638244629e-01 1.391627392877126113e-05 2.141076402040198445e-05 3.049436211585998535e-01
6.875778436660766602e-01 1.252119000128004700e-05 1.929605423356406391e-05 3.123900592327117920e-01
6.874379515647888184e-01 1.544515725981909782e-05 2.213195693911984563e-05 3.125245571136474609e-01
6.908475756645202637e-01 1.096852975024376065e-05 1.540621087769977748e-05 3.091260790824890137e-01
6.907446384429931641e-01 1.638363755773752928e-05 1.798043194867204875e-05 3.092207312583923340e-01
6.898100972175598145e-01 1.461560168536379933e-05 1.833231181080918759e-05 3.101569116115570068e-01
6.972905397415161133e-01 1.167148093372816220e-05 1.682172114669810981e-05 3.026808500289916992e-01
6.940469145774841309e-01 1.326043548033339903e-05 2.073120776913128793e-05 3.059187233448028564e-01
6.914595961570739746e-01 1.515921849204460159e-05 1.739556319080293179e-05 3.085081875324249268e-01
6.921238303184509277e-01 1.913706546474713832e-05 1.585083737154491246e-05 3.078412413597106934e-01
6.882581710815429688e-01 1.617514135432429612e-05 2.640084858285263181e-05 3.116992413997650146e-01
6.870121359825134277e-01 1.379139121127082035e-05 1.813257767935283482e-05 3.129557371139526367e-01
6.820164322853088379e-01 1.594184141140431166e-05 2.377126475039403886e-05 3.179439604282379150e-01
6.756803393363952637e-01 1.789438647392671555e-05 1.823747516027651727e-05 3.242836594581604004e-01
6.691097021102905273e-01 1.932513623614795506e-05 1.796166907297447324e-05 3.308530747890472412e-01
6.761443614959716797e-01 2.127128027495928109e-05 2.718385803746059537e-05 3.238071501255035400e-01
6.703835129737854004e-01 1.789277121133636683e-05 1.801234429876785725e-05 3.295810222625732422e-01
6.708135604858398438e-01 1.637281820876523852e-05 2.044352913799230009e-05 3.291493952274322510e-01
6.691908836364746094e-01 1.813079325074795634e-05 2.413149741187226027e-05 3.307668566703796387e-01
6.653937697410583496e-01 1.893971420940943062e-05 2.565748400229495019e-05 3.345614671707153320e-01
6.594574451446533203e-01 1.531813541078008711e-05 1.884044831967912614e-05 3.405084013938903809e-01
6.625549793243408203e-01 1.244818122358992696e-05 1.531254201836418360e-05 3.374174535274505615e-01
6.608807444572448730e-01 1.893517764983698726e-05 1.716148472041822970e-05 3.390831053256988525e-01
6.605163812637329102e-01 2.079962905554566532e-05 2.084021980408579111e-05 3.394421339035034180e-01
6.622059941291809082e-01 2.187611789850052446e-05 1.954919935087673366e-05 3.377525806427001953e-01
