6.224965181900188327e-05 8.929880277719348669e-05 9.528784721624106169e-05 9.997533559799194336e-01
6.881805165903642774e-05 1.080896472558379173e-04 1.221232087118551135e-04 9.997009038925170898e-01
7.615680806338787079e-05 7.644427387276664376e-05 1.053166852216236293e-04 9.997422695159912109e-01
7.571265450678765774e-05 1.166709698736667633e-04 1.204783911816775799e-04 9.996872544288635254e-01
7.671576895518228412e-05 1.014252557069994509e-04 1.442545762984082103e-04 9.996778964996337891e-01
5.138257984071969986e-05 9.552609844831749797e-05 8.705932123120874166e-05 9.997658133506774902e-01
6.012047379044815898e-05 9.308392327511683106e-05 1.075318141374737024e-04 9.997392296791076660e-01
5.776811667601577938e-05 8.207509381463751197e-05 1.004913137876428664e-04 9.997593760490417480e-01
6.928919174242764711e-05 1.188378591905348003e-04 1.026031604851596057e-04 9.997096061706542969e-01
7.248399197123944759e-05 9.968588710762560368e-05 1.273946691071614623e-04 9.996998906135559082e-01
5.501876148628070951e-05 7.390772225335240364e-05 9.931593376677483320e-05 9.997715950012207031e-01
6.629339623032137752e-05 7.489239942515268922e-05 1.068307828973047435e-04 9.997521042823791504e-01
6.764367572031915188e-05 1.161464315373450518e-04 1.010610867524519563e-04 9.997152090072631836e-01
8.552635699743404984e-05 8.659425657242536545e-05 1.094145482056774199e-04 9.997183680534362793e-01
7.817629375495016575e-05 9.611410496290773153e-05 9.710672748042270541e-05 9.997286200523376465e-01
5.624991172226145864e-05 9.012720693135634065e-05 9.556436998536810279e-05 9.997578859329223633e-01
7.623166311532258987e-05 1.562817778903990984e-04 1.239603589056059718e-04 9.996430873870849609e-01
7.262162398546934128e-05 1.070739162969402969e-04 9.206024697050452232e-05 9.997283816337585449e-01
7.227469177450984716e-05 9.634243906475603580e-05 1.227048487635329366e-04 9.997088313102722168e-01
5.980406785965897143e-05 1.094111939892172813e-04 1.003747311187908053e-04 9.997304081916809082e-01
6.224749813554808497e-05 9.151825361186638474e-05 1.056580949807539582e-04 9.997405409812927246e-01
7.124395779101178050e-05 8.348742994712665677e-05 1.051793515216559172e-04 9.997403025627136230e-01
7.257807010319083929e-05 8.561425784137099981e-05 9.719355875859037042e-05 9.997446537017822266e-01
6.862749432912096381e-05 8.696055010659620166e-05 1.242143334820866585e-04 9.997200965881347656e-01
6.080025195842608809e-05 9.299483645008876920e-05 1.156153157353401184e-04 9.997305870056152344e-01
7.608437590533867478e-05 1.087714917957782745e-04 9.554838470648974180e-05 9.997195601463317871e-01
8.355494355782866478e-05 9.887411579256877303e-05 1.124277841881848872e-04 9.997050166130065918e-01
7.473659206880256534e-05 9.449494973523542285e-05 1.037567344610579312e-04 9.997273087501525879e-01
6.411768845282495022e-05 9.655091707827523351e-05 9.948391380021348596e-05 9.997399449348449707e-01
6.324778951238840818e-05 8.667543443152680993e-05 1.017782269627787173e-04 9.997482299804687500e-01
6.239505455596372485e-05 8.814004104351624846e-05 1.025754027068614960e-04 9.997469186782836914e-01
6.518656300613656640e-05 8.792153676040470600e-05 9.607132233213633299e-05 9.997507929801940918e-01
7.064113015076145530e-05 9.984602365875616670e-05 1.071816368494182825e-04 9.997225999832153320e-01
7.087676203809678555e-05 1.142481851275078952e-04 1.235026284120976925e-04 9.996916055679321289e-01
6.743548146914690733e-05 1.082915841834619641e-04 9.572091948939487338e-05 9.997284412384033203e-01
6.855478568468242884e-05 7.988441939232870936e-05 1.104524126276373863e-04 9.997411370277404785e-01
7.255066884681582451e-05 9.032349043991416693e-05 1.044597447616979480e-04 9.997324943542480469e-01
6.782120181014761329e-05 9.108101221499964595e-05 1.021761709125712514e-04 9.997385740280151367e-01
6.434390525100752711e-05 1.054023814504034817e-04 1.012800494208931923e-04 9.997293353080749512e-01
5.990702629787847400e-05 8.613009413238614798e-05 9.387172758579254150e-05 9.997603893280029297e-01
6.539470632560551167e-05 1.034109809552319348e-04 1.092439561034552753e-04 9.997220635414123535e-01
6.083799598854966462e-05 9.035026596393436193e-05 1.247836480615660548e-04 9.997240900993347168e-01
7.387661753455176950e-05 1.030291605275124311e-04 1.390258112223818898e-04 9.996840953826904297e-01
7.205729343695566058e-05 9.233409218722954392e-05 1.030300409183837473e-04 9.997325539588928223e-01
6.699715595459565520e-05 9.021002915687859058e-05 9.473344834987074137e-05 9.997476935386657715e-01
6.560451583936810493e-05 1.023004151647910476e-04 1.257478579645976424e-04 9.997063279151916504e-01
6.851204670965671539e-05 7.662555435672402382e-05 1.112858299165964127e-04 9.997437596321105957e-01
8.458625234197825193e-05 9.207320545101538301e-05 1.194662472698837519e-04 9.997040629386901855e-01
7.016456947894766927e-05 8.499001705786213279e-05 9.393785148859024048e-05 9.997507929801940918e-01
9.311253961641341448e-05 1.001126511255279183e-04 1.231742353411391377e-04 9.996837377548217773e-01
5.742470602854155004e-05 7.608033774886280298e-05 9.561318438500165939e-05 9.997711777687072754e-01
8.167737541953101754e-05 1.007752434816211462e-04 1.209807960549369454e-04 9.996968507766723633e-01
7.454157457686960697e-05 9.378799586556851864e-05 9.689031867310404778e-05 9.997349977493286133e-01
6.447324267355725169e-05 9.451962978346273303e-05 8.894247002899646759e-05 9.997522234916687012e-01
6.645034591201692820e-05 9.614176087779924273e-05 1.087993514374829829e-04 9.997287988662719727e-01
8.439840166829526424e-05 1.041360665112733841e-04 1.124603368225507438e-04 9.996991157531738281e-01
7.772546814521774650e-05 9.103050979319959879e-05 1.045357857947237790e-04 9.997262358665466309e-01
6.067007416277192533e-05 8.262555638793855906e-05 9.423047595191746950e-05 9.997622370719909668e-01
6.405136809917166829e-05 1.027604230330325663e-04 1.122296162066049874e-04 9.997212886810302734e-01
6.398058758350089192e-05 1.114738843170925975e-04 1.225163869094103575e-04 9.997020959854125977e-01
6.047596616554073989e-05 1.250949571840465069e-04 1.046099496306851506e-04 9.997093677520751953e-01
7.589657616335898638e-05 1.150367606896907091e-04 1.149668387370184064e-04 9.996940493583679199e-01
6.134653085609897971e-05 8.552377403248101473e-05 1.136619976023212075e-04 9.997391104698181152e-01
6.896219565533101559e-05 1.125229391618631780e-04 1.145055211964063346e-04 9.997044801712036133e-01
6.688695430057123303e-05 1.002088829409331083e-04 1.260228309547528625e-04 9.997063875198364258e-01
5.907170634600333869e-05 8.896061626728624105e-05 1.101390516851097345e-04 9.997420907020568848e-01
6.388274778146296740e-05 8.430638263234868646e-05 8.269737736554816365e-05 9.997690320014953613e-01
6.810258491896092892e-05 9.804449655348435044e-05 1.098692737286910415e-04 9.997240304946899414e-01
5.257061638985760510e-05 7.370452658506110311e-05 8.795128815108910203e-05 9.997859001159667969e-01
7.423249189741909504e-05 1.214087533298879862e-04 1.249523047590628266e-04 9.996795654296875000e-01
6.804000440752133727e-05 8.653106488054618239e-05 1.103339454857632518e-04 9.997348785400390625e-01
7.307455962290987372e-05 9.608784603187814355e-05 1.119845182984136045e-04 9.997190833091735840e-01
6.903999019414186478e-05 1.019662668113596737e-04 1.164804489235393703e-04 9.997122883796691895e-01
7.576738425996154547e-05 1.282912271562963724e-04 1.117304564104415476e-04 9.996839761734008789e-01
7.308785279747098684e-05 1.017175163724459708e-04 9.455142571823671460e-05 9.997303485870361328e-01
5.944398071733303368e-05 7.061419455567374825e-05 9.090974344871938229e-05 9.997787475585937500e-01
7.830330287106335163e-05 1.117781139328144491e-04 1.328361395280808210e-04 9.996770620346069336e-01
6.457873678300529718e-05 6.863871385576203465e-05 8.481660188408568501e-05 9.997819066047668457e-01
7.085769902914762497e-05 1.152759286924265325e-04 1.189128597616218030e-04 9.996949434280395508e-01
6.180311902426183224e-05 8.521181734977290034e-05 1.026575628202408552e-04 9.997500777244567871e-01
6.397833931259810925e-05 9.036340634338557720e-05 1.241019490407779813e-04 9.997214078903198242e-01
6.427708285627886653e-05 8.507283928338438272e-05 1.065514079527929425e-04 9.997438788414001465e-01
6.686202686978504062e-05 1.021241332637146115e-04 1.031837091431953013e-04 9.997280836105346680e-01
6.364403816405683756e-05 9.378974209539592266e-05 9.076295827981084585e-05 9.997522234916687012e-01
8.150088979164138436e-05 8.528303442290052772e-05 1.190223774756304920e-04 9.997138977050781250e-01
7.306673069251701236e-05 8.644370245747268200e-05 1.259077689610421658e-04 9.997144341468811035e-01
6.657587800873443484e-05 7.519762584706768394e-05 1.077358028851449490e-04 9.997507929801940918e-01
6.493549881270155311e-05 9.505432535661384463e-05 1.093660030164755881e-04 9.997307062149047852e-01
7.861656195018440485e-05 9.392139327246695757e-05 1.057722038240171969e-04 9.997215867042541504e-01
8.787496335571631789e-05 8.526472083758562803e-05 1.057788467733189464e-04 9.997208118438720703e-01
8.011619502212852240e-05 8.769970736466348171e-05 1.335443084826692939e-04 9.996983408927917480e-01
6.780677358619868755e-05 9.904093894874677062e-05 1.134123886004090309e-04 9.997197389602661133e-01
8.420900849159806967e-05 9.115719149122014642e-05 1.223421713802963495e-04 9.997020959854125977e-01
6.413365917978808284e-05 8.359989442396908998e-05 1.032834115903824568e-04 9.997488260269165039e-01
6.845516327302902937e-05 1.118044892791658640e-04 1.670199271757155657e-04 9.996526241302490234e-01
6.868851778563112020e-05 1.123036636272445321e-04 1.303722383454442024e-04 9.996883869171142578e-01
6.246597331482917070e-05 9.805261652218177915e-05 1.035881869029253721e-04 9.997358918190002441e-01
7.258106779772788286e-05 1.124846457969397306e-04 1.082723028957843781e-04 9.997064471244812012e-01
7.046148675726726651e-05 8.288273238576948643e-05 9.317224612459540367e-05 9.997534155845642090e-01
8.174663526006042957e-05 1.086638076230883598e-04 1.053979067364707589e-04 9.997042417526245117e-01
6.899631989654153585e-05 9.329504246124997735e-05 1.077470806194469333e-04 9.997299313545227051e-01
7.596744399052113295e-05 1.006661841529421508e-04 1.160618121502920985e-04 9.997072219848632812e-01
7.706771430093795061e-05 1.044353848556056619e-04 1.065428150468505919e-04 9.997121095657348633e-01
7.765460759401321411e-05 9.708078141557052732e-05 1.017951435642316937e-04 9.997233748435974121e-01
9.296139614889398217e-05 9.046102786669507623e-05 1.011187341646291316e-04 9.997155666351318359e-01
7.953709427965804935e-05 9.867667540675029159e-05 1.076438929885625839e-04 9.997140765190124512e-01
9.234595199814066291e-05 1.020192939904518425e-04 1.307344064116477966e-04 9.996753931045532227e-01
7.994082989171147346e-05 9.422891162103042006e-05 1.145053829532116652e-04 9.997110366821289062e-01
6.809344631619751453e-05 9.792394848773255944e-05 9.920034790411591530e-05 9.997345805168151855e-01
8.122262806864455342e-05 1.315901026828214526e-04 1.024817174766212702e-04 9.996848106384277344e-01
7.063313387334346771e-05 1.069288628059439361e-04 1.044212694978341460e-04 9.997181892395019531e-01
6.554188439622521400e-05 8.062990673352032900e-05 9.123742347583174706e-05 9.997627139091491699e-01
6.682774255750700831e-05 1.063442396116442978e-04 9.390621562488377094e-05 9.997326135635375977e-01
1.073784515028819442e-04 1.040103670675307512e-04 1.414311991538852453e-04 9.996469616889953613e-01
7.304445171030238271e-05 8.734560105949640274e-05 1.065995093085803092e-04 9.997329115867614746e-01
1.008786857710219920e-04 1.137941944762133062e-04 1.258630800293758512e-04 9.996593594551086426e-01
8.164688915712758899e-05 1.016244495986029506e-04 1.319235016126185656e-04 9.996848702430725098e-01
8.054311183514073491e-05 8.901150431483983994e-05 1.226405147463083267e-04 9.997076988220214844e-01
1.092584134312346578e-04 9.097106521949172020e-05 1.221621205331757665e-04 9.996777772903442383e-01
8.037543011596426368e-05 9.759629028849303722e-05 1.126614661188796163e-04 9.997094273567199707e-01
6.850816134829074144e-05 1.067021439666859806e-04 1.084466566680930555e-04 9.997160434722900391e-01
1.239443954546004534e-04 1.066515396814793348e-04 1.077628403436392546e-04 9.996613860130310059e-01
9.933797991834580898e-05 9.644445526646450162e-05 1.272538502234965563e-04 9.996773600578308105e-01
9.212731674779206514e-05 1.082558665075339377e-04 1.560767559567466378e-04 9.996433258056640625e-01
6.732531619491055608e-05 8.596491534262895584e-05 9.895857510855421424e-05 9.997478723526000977e-01
1.059587957570329309e-04 8.661905303597450256e-05 1.133558980654925108e-04 9.996937513351440430e-01
8.703344792593270540e-05 8.789040293777361512e-05 1.195084259961731732e-04 9.997060298919677734e-01
8.990558126242831349e-05 7.735199324088171124e-05 1.092085512937046587e-04 9.997234940528869629e-01
1.293757086386904120e-04 1.227958273375406861e-04 1.207147288369014859e-04 9.996271729469299316e-01
8.755017188377678394e-05 7.362661563092842698e-05 9.210865391651168466e-05 9.997465610504150391e-01
9.746522846398875117e-05 9.441440488444641232e-05 1.312256499659270048e-04 9.996767640113830566e-01
9.264232357963919640e-05 8.682321640662848949e-05 9.305391722591593862e-05 9.997273683547973633e-01
1.092799793696030974e-04 9.039693395607173443e-05 9.304258855991065502e-05 9.997067451477050781e-01
1.243137812707573175e-04 1.033361331792548299e-04 1.114149126806296408e-04 9.996607303619384766e-01
1.026065656333230436e-04 8.410958980675786734e-05 7.586462743347510695e-05 9.997372627258300781e-01
1.569050509715452790e-04 7.984730473253875971e-05 1.123150213970802724e-04 9.996511936187744141e-01
1.403984497301280499e-04 6.772740744054317474e-05 1.249062916031107306e-04 9.996674656867980957e-01
1.109992081183008850e-04 8.466436702292412519e-05 9.927997598424553871e-05 9.997050762176513672e-01
1.004748992272652686e-04 8.970375347416847944e-05 1.197502715513110161e-04 9.996900558471679688e-01
1.236532843904569745e-04 8.804694516584277153e-05 1.410824188496917486e-04 9.996472597122192383e-01
1.112632889999076724e-04 8.173126843757927418e-05 1.017153845168650150e-04 9.997051358222961426e-01
1.324054319411516190e-04 9.463106107432395220e-05 1.040421921061351895e-04 9.996687769889831543e-01
1.056567707564681768e-04 9.481946472078561783e-05 1.370011013932526112e-04 9.996621608734130859e-01
2.186365018133074045e-04 9.485012560617178679e-05 1.383063063258305192e-04 9.995483160018920898e-01
1.126351053244434297e-04 7.660407572984695435e-05 9.315913484897464514e-05 9.997174739837646484e-01
1.337706198683008552e-04 7.959253707667812705e-05 9.945179772330448031e-05 9.996871352195739746e-01
1.893992593977600336e-04 9.602107456885278225e-05 1.132947072619572282e-04 9.996015429496765137e-01
2.354954194743186235e-04 1.032054060488007963e-04 1.640360424062237144e-04 9.994972348213195801e-01
1.947840937646105886e-04 8.737488678889349103e-05 1.115758786909282207e-04 9.996063709259033203e-01
2.278428291901946068e-04 9.045491606229916215e-05 1.210268892464227974e-04 9.995608925819396973e-01
3.322529664728790522e-04 7.925875252112746239e-05 9.103713091462850571e-05 9.994971156120300293e-01
7.036688039079308510e-04 8.098504622466862202e-05 1.070542566594667733e-04 9.991075992584228516e-01
7.958963396959006786e-04 8.877784421201795340e-05 1.263321173610165715e-04 9.989894628524780273e-01
1.879512798041105270e-03 7.738619024166837335e-05 9.040597069542855024e-05 9.979522824287414551e-01
3.255956689827144146e-04 7.734697283012792468e-05 1.229439512826502323e-04 9.994742870330810547e-01
4.820646136067807674e-04 7.855978765292093158e-05 1.230243360623717308e-04 9.993162155151367188e-01
2.216022927314043045e-03 1.676339452387765050e-04 1.536983181722462177e-04 9.974628090858459473e-01
2.173583488911390305e-03 9.791927004698663950e-05 1.620074472157284617e-04 9.975664615631103516e-01
3.384806914255023003e-03 7.833374547772109509e-05 1.323718897765502334e-04 9.964047670364379883e-01
2.584683243185281754e-03 9.803737339098006487e-05 1.215949523611925542e-04 9.971957206726074219e-01
4.117729142308235168e-03 8.635079575469717383e-05 1.563052937854081392e-04 9.956395626068115234e-01
6.431758403778076172e-03 7.267328328453004360e-05 1.320950977969914675e-04 9.933633208274841309e-01
1.105820760130882263e-02 7.202354754554107785e-05 1.401572662871330976e-04 9.887294173240661621e-01
1.648839749395847321e-02 7.130965968826785684e-05 1.158516824943944812e-04 9.833244085311889648e-01
1.506319455802440643e-02 6.346886948449537158e-05 1.487344416091218591e-04 9.847246408462524414e-01
3.872096911072731018e-02 4.555856867227703333e-05 1.151007963926531374e-04 9.611187577247619629e-01
5.181542411446571350e-02 4.710668872576206923e-05 1.200847618747502565e-04 9.480174183845520020e-01
7.611571252346038818e-02 4.973590694135054946e-05 1.227614120580255985e-04 9.237117767333984375e-01
1.044013202190399170e-01 4.089079448021948338e-05 1.015708257909864187e-04 8.954561948776245117e-01
1.641672253608703613e-01 4.095727126696147025e-05 9.649377170717343688e-05 8.356953859329223633e-01
2.095365077257156372e-01 3.188807022524997592e-05 8.217564027290791273e-05 7.903494238853454590e-01
3.110536634922027588e-01 2.249549652333371341e-05 9.524566848995164037e-05 6.888287663459777832e-01
4.013789594173431396e-01 1.555634662508964539e-05 9.504483750788494945e-05 5.985101461410522461e-01
4.891193509101867676e-01 1.103218710341025144e-05 4.876738967141136527e-05 5.108209252357482910e-01
6.035991907119750977e-01 1.484778385929530486e-05 5.111458085593767464e-05 3.963350951671600342e-01
6.914559602737426758e-01 6.950310307729523629e-06 2.428519655950367451e-05 3.085129857063293457e-01
7.520649433135986328e-01 6.926400601514615119e-06 2.443001176288817078e-05 2.479034662246704102e-01
7.965355515480041504e-01 5.839541699970141053e-06 2.094359115289989859e-05 2.034372240304946899e-01
8.568723201751708984e-01 2.871015567507129163e-07 4.822567916562547907e-06 1.431230306625366211e-01
8.992727994918823242e-01 2.069793026748811826e-06 9.501630302111152560e-06 1.007156819105148315e-01
9.482527375221252441e-01 9.461898287099756999e-08 2.712438799790106714e-06 5.174462869763374329e-02
9.711848497390747070e-01 4.336095926760208386e-08 1.404592921971925534e-06 2.881380915641784668e-02
9.678232073783874512e-01 3.999955922040498990e-08 2.220388068963075057e-06 3.217433020472526550e-02
9.784282445907592773e-01 4.884119420012211776e-08 9.381591326018678956e-07 2.157087065279483795e-02
9.863594174385070801e-01 8.217819313927066105e-09 4.604711989486531820e-07 1.364036183804273605e-02
9.864145517349243164e-01 3.705008966292666628e-09 2.980546867092925822e-07 1.358557213097810745e-02
9.918055534362792969e-01 3.577796503506647241e-09 2.213248677662704722e-07 8.193913847208023071e-03
9.948668479919433594e-01 3.168072471027016945e-09 2.422704028504085727e-07 5.132976453751325607e-03
9.929777979850769043e-01 4.379750251359837421e-08 8.700067155587021261e-07 7.021245080977678299e-03
9.967532753944396973e-01 1.224146339851017729e-09 1.329515555426041828e-07 3.246506676077842712e-03
9.966036081314086914e-01 1.320878295629768218e-09 1.248763510375283659e-07 3.396353218704462051e-03
9.973725676536560059e-01 1.563741247601058149e-09 1.081439364725156338e-07 2.627563895657658577e-03
9.978001713752746582e-01 7.626551612460730212e-10 9.174585358096010168e-08 2.199759706854820251e-03
9.981139302253723145e-01 6.703532173801818317e-10 7.533199664067069534e-08 1.886135665699839592e-03
9.983168244361877441e-01 5.391398438803207682e-10 7.188423012394196121e-08 1.683203736320137978e-03
9.984303116798400879e-01 6.192317214548381799e-10 6.797514373602098203e-08 1.570060849189758301e-03
9.986285567283630371e-01 5.040738937367450490e-10 6.072489355801735655e-08 1.371329417452216148e-03
9.987506866455078125e-01 4.539265352487831251e-10 5.247891365911527828e-08 1.249703229404985905e-03
9.988914132118225098e-01 3.385541846867567983e-10 4.754571847342958790e-08 1.108854659833014011e-03
9.989263415336608887e-01 3.261043934887908335e-10 4.649577078907896066e-08 1.073491410352289677e-03
9.989382624626159668e-01 2.951109356885694979e-10 4.173904599724664877e-08 1.061794813722372055e-03
9.991229176521301270e-01 2.571331758627337649e-10 3.788220936939978856e-08 8.768194238655269146e-04
9.991351366043090820e-01 2.611229843463291900e-10 3.741769560861030186e-08 8.650679374113678932e-04
9.991677403450012207e-01 2.204046667397818737e-10 3.381036606242560083e-08 8.324629161506891251e-04
9.992588758468627930e-01 2.180176456034743637e-10 3.366522705050556397e-08 7.405042415484786034e-04
9.992412924766540527e-01 2.275035715371132028e-10 3.141624915770080406e-08 7.584669510833919048e-04
9.993219971656799316e-01 2.000458132478399875e-10 2.945431987200208823e-08 6.776295485906302929e-04
9.993215799331665039e-01 1.834647711529413527e-10 2.880866389887160040e-08 6.782290292903780937e-04
9.993116259574890137e-01 1.756660650276131719e-10 2.743981397657080379e-08 6.884636241011321545e-04
9.993628263473510742e-01 1.783546088596210666e-10 2.706475576985667431e-08 6.367980386130511761e-04
9.993675351142883301e-01 1.814015188061901540e-10 2.859772507690649945e-08 6.324273999780416489e-04
9.993975758552551270e-01 1.589224030151825673e-10 2.515405128633574350e-08 6.023843889124691486e-04
9.994038939476013184e-01 1.636134838722824725e-10 2.596411796673692152e-08 5.958580877631902695e-04
9.994218945503234863e-01 1.545415462267385465e-10 2.486591199613030767e-08 5.780558567494153976e-04
9.994234442710876465e-01 1.650629216642940378e-10 2.456239833747986268e-08 5.761419306509196758e-04
9.994561672210693359e-01 1.433536483963493424e-10 2.327742087970818829e-08 5.440267268568277359e-04
9.994460344314575195e-01 1.439638130928955206e-10 2.363692175322285038e-08 5.538965924642980099e-04
9.994657635688781738e-01 1.411169653353638864e-10 2.299908707925624185e-08 5.344380042515695095e-04
9.994852542877197266e-01 1.332709775869744817e-10 2.236530960431082349e-08 5.150637007318437099e-04
9.994826912879943848e-01 1.359697354708089279e-10 2.254522080136212026e-08 5.175998667255043983e-04
9.994935989379882812e-01 1.338745919676753715e-10 2.229677598108992242e-08 5.061069969087839127e-04
9.995042085647583008e-01 1.302713076301031947e-10 2.173424817897284811e-08 4.956219345331192017e-04
9.994901418685913086e-01 1.332469412584913471e-10 2.187958436650205840e-08 5.092912469990551472e-04
9.995051622390747070e-01 1.257127041354166863e-10 2.107907626225369313e-08 4.947874112986028194e-04
9.995228052139282227e-01 1.265582916243346290e-10 2.092353845739580720e-08 4.772053798660635948e-04
9.995200037956237793e-01 1.245152037032681847e-10 2.076414240548274392e-08 4.797995497938245535e-04
9.995150566101074219e-01 1.261346305181376692e-10 2.159744560970011662e-08 4.847131785936653614e-04
9.995210170745849609e-01 1.257427356682327968e-10 2.071510962764477881e-08 4.791463434230536222e-04
9.995172023773193359e-01 1.244722797055786145e-10 2.064484050379178370e-08 4.825779760722070932e-04
9.995272159576416016e-01 1.214460476628431707e-10 2.052937375651708862e-08 4.726625047624111176e-04
9.995310902595520020e-01 1.236906271850912731e-10 2.076135707795856433e-08 4.689232446253299713e-04
9.995346069335937500e-01 1.238426583505258805e-10 2.043448077415632724e-08 4.656524688471108675e-04
9.995297193527221680e-01 1.235858637649300817e-10 2.041970503796619596e-08 4.707318730652332306e-04
9.995329976081848145e-01 1.224015749867746194e-10 2.057870318594723358e-08 4.672456125263124704e-04
9.995251297950744629e-01 1.215822303946012539e-10 2.026506074059852835e-08 4.749713116325438023e-04
9.995247721672058105e-01 1.203935978688619457e-10 2.044665947664725536e-08 4.753672110382467508e-04
9.995320439338684082e-01 1.224030182767066322e-10 2.063215731595846592e-08 4.678222467191517353e-04
9.995279312133789062e-01 1.218553175030834268e-10 2.073961802295798407e-08 4.720470751635730267e-04
9.995341300964355469e-01 1.247426884010138792e-10 2.065118742677896080e-08 4.659593396354466677e-04
9.995244145393371582e-01 1.241398234208546114e-10 2.083087302651165373e-08 4.755000700242817402e-04
9.995258450508117676e-01 1.229527035739863550e-10 2.058646764169225207e-08 4.743306490126997232e-04
9.995201826095581055e-01 1.289391232672798537e-10 2.087479877843634313e-08 4.798632580786943436e-04
9.995167255401611328e-01 1.260335585895333566e-10 2.077964289526335051e-08 4.830386897083371878e-04
9.995107650756835938e-01 1.324628462473498303e-10 2.137324806028573221e-08 4.891085554845631123e-04
9.995008707046508789e-01 1.260730408958465887e-10 2.081205252579820808e-08 4.988810396753251553e-04
9.995142817497253418e-01 1.260141713199658398e-10 2.090349227046317537e-08 4.857986059505492449e-04
9.995157122611999512e-01 1.267691784878621775e-10 2.070450300095671992e-08 4.842108464799821377e-04
9.995186924934387207e-01 1.258274456850116962e-10 2.096961004838249210e-08 4.812797706108540297e-04
9.995160698890686035e-01 1.284204825813262119e-10 2.111900698764657136e-08 4.839661123696714640e-04
9.995205998420715332e-01 1.289650886082682746e-10 2.093077711151636322e-08 4.795264394488185644e-04
9.995176792144775391e-01 1.303724073142831230e-10 2.091054263075875497e-08 4.826283548027276993e-04
