1.693499070825055242e-04 8.924994472181424499e-05 1.473949960200116038e-04 9.995938539505004883e-01
1.949671277543529868e-04 8.706818334758281708e-05 1.764321350492537022e-04 9.995416998863220215e-01
1.642639981582760811e-04 9.544877684675157070e-05 1.669296616455540061e-04 9.995731711387634277e-01
1.322144962614402175e-04 8.429369336226955056e-05 1.466117391828447580e-04 9.996368288993835449e-01
1.414878352079540491e-04 8.781780343269929290e-05 1.395697763655334711e-04 9.996309876441955566e-01
1.371070684399455786e-04 9.412811050424352288e-05 1.260423887288197875e-04 9.996426105499267578e-01
1.310935622313991189e-04 7.706010364927351475e-05 1.359835296170786023e-04 9.996562004089355469e-01
1.975999184651300311e-04 1.146948561654426157e-04 1.472937583457678556e-04 9.995402693748474121e-01
1.242590951733291149e-04 1.224047737196087837e-04 1.129374431911855936e-04 9.996405243873596191e-01
1.577381626702845097e-04 8.817732305033132434e-05 1.559745578560978174e-04 9.995980262756347656e-01
1.723989116726443172e-04 8.715168951312080026e-05 1.239889097632840276e-04 9.996162056922912598e-01
1.322544121649116278e-04 7.241628190968185663e-05 1.387907104799523950e-04 9.996563196182250977e-01
1.457516191294416785e-04 8.242051262641325593e-05 1.348982186755165458e-04 9.996373653411865234e-01
1.616293156985193491e-04 8.103869913611561060e-05 1.224715524585917592e-04 9.996348619461059570e-01
1.476356701459735632e-04 7.655216904822736979e-05 1.373890263494104147e-04 9.996384382247924805e-01
1.710360375000163913e-04 8.571641956223174930e-05 1.552570029161870480e-04 9.995878338813781738e-01
1.656380627537146211e-04 8.044615242397412658e-05 1.631557533983141184e-04 9.995908737182617188e-01
1.451150019420310855e-04 9.247456182492896914e-05 1.534259936306625605e-04 9.996093511581420898e-01
1.687552721705287695e-04 8.748504478717222810e-05 1.489253481850028038e-04 9.995949864387512207e-01
1.559012453071773052e-04 8.633656398160383105e-05 1.373518753098323941e-04 9.996203184127807617e-01
1.918606285471469164e-04 9.685828990768641233e-05 1.561494136694818735e-04 9.995546936988830566e-01
1.580926036695018411e-04 8.696256554685533047e-05 1.276215043617412448e-04 9.996272325515747070e-01
1.906086690723896027e-04 9.364785364596173167e-05 1.447131216991692781e-04 9.995710849761962891e-01
1.951666490640491247e-04 6.352432683343067765e-05 1.311243395321071148e-04 9.996100068092346191e-01
1.384205970680341125e-04 8.240727038355544209e-05 1.259909622604027390e-04 9.996532797813415527e-01
1.814906572690233588e-04 7.430004188790917397e-05 1.263097365153953433e-04 9.996178150177001953e-01
1.504259998910129070e-04 7.657022069906815886e-05 1.207644090754911304e-04 9.996517300605773926e-01
1.436607126379385591e-04 7.831438415450975299e-05 1.418920583091676235e-04 9.996357560157775879e-01
1.539146614959463477e-04 7.631877087987959385e-05 1.572341716382652521e-04 9.996128082275390625e-01
1.654744846746325493e-04 7.542519597336649895e-05 1.368157827528193593e-04 9.996222257614135742e-01
1.801368198357522488e-04 8.724134386284276843e-05 1.359241723548620939e-04 9.995966553688049316e-01
1.573767367517575622e-04 8.153569797286763787e-05 1.375434076180681586e-04 9.996234774589538574e-01
1.618405512999743223e-04 7.907030521892011166e-05 1.288913917960599065e-04 9.996299147605895996e-01
1.623052958166226745e-04 8.774806337896734476e-05 1.404454815201461315e-04 9.996098875999450684e-01
2.037535596173256636e-04 8.746288949623703957e-05 1.455346064176410437e-04 9.995633959770202637e-01
1.618036621948704123e-04 8.461685501970350742e-05 1.245420280611142516e-04 9.996290802955627441e-01
1.720714644761756063e-04 1.018061157083138824e-04 1.549549342598766088e-04 9.995710253715515137e-01
1.583935227245092392e-04 9.288436558563262224e-05 1.355688291369006038e-04 9.996137022972106934e-01
2.003884001169353724e-04 1.148530645878054202e-04 1.450304698664695024e-04 9.995396137237548828e-01
1.703280431684106588e-04 9.018066339194774628e-05 1.462088112020865083e-04 9.995933771133422852e-01
1.862068747868761420e-04 7.891289715189486742e-05 1.327260542893782258e-04 9.996023774147033691e-01
1.926618569996207952e-04 8.018280641408637166e-05 1.618671085452660918e-04 9.995654225349426270e-01
1.891038264147937298e-04 1.051035942509770393e-04 1.758573052939027548e-04 9.995297193527221680e-01
1.244347513420507312e-04 6.930558447493240237e-05 1.095472762244753540e-04 9.996967911720275879e-01
1.425319496775045991e-04 8.874521881807595491e-05 1.395651197526603937e-04 9.996294379234313965e-01
1.347474026260897517e-04 7.671321509405970573e-05 1.270947686862200499e-04 9.996614456176757812e-01
1.510668080300092697e-04 9.051189408637583256e-05 1.247149339178577065e-04 9.996334910392761230e-01
1.436821767129004002e-04 1.054022359312511981e-04 1.413003919878974557e-04 9.996092319488525391e-01
1.668483891990035772e-04 8.756670285947620869e-05 1.320558512816205621e-04 9.996138215065002441e-01
1.574913476360961795e-04 8.069528848864138126e-05 1.374275598209351301e-04 9.996244907379150391e-01
1.514012110419571400e-04 9.143861097982153296e-05 1.371480029774829745e-04 9.996200203895568848e-01
1.705940230749547482e-04 7.413179264403879642e-05 1.481282961321994662e-04 9.996070265769958496e-01
1.711541990516707301e-04 8.212515967898070812e-05 1.522700767964124680e-04 9.995942115783691406e-01
1.537611533422023058e-04 7.999435183592140675e-05 1.311697851633653045e-04 9.996352791786193848e-01
1.613031345186755061e-04 7.830444519640877843e-05 1.294747489737346768e-04 9.996311664581298828e-01
1.485603279434144497e-04 7.944734534248709679e-05 1.227386528626084328e-04 9.996492266654968262e-01
1.551936729811131954e-04 7.320664008148014545e-05 1.226837193826213479e-04 9.996486902236938477e-01
1.919312926474958658e-04 8.539064583601430058e-05 1.382806804031133652e-04 9.995841979980468750e-01
1.644373696763068438e-04 9.243149543181061745e-05 1.412681449437513947e-04 9.996019005775451660e-01
1.649225450819358230e-04 8.545469609089195728e-05 1.457269827369600534e-04 9.996038675308227539e-01
1.731184747768566012e-04 1.117819410865195096e-04 1.331233506789430976e-04 9.995822906494140625e-01
1.864366931840777397e-04 1.052666630130261183e-04 1.538056967547163367e-04 9.995542764663696289e-01
2.155569673050194979e-04 9.954136476153507829e-05 1.416694431100040674e-04 9.995429515838623047e-01
1.392305421177297831e-04 7.761373854009434581e-05 1.255905372090637684e-04 9.996577501296997070e-01
1.580758544150739908e-04 1.006841630442067981e-04 1.403641508659347892e-04 9.996009469032287598e-01
1.722392189549282193e-04 8.097355021163821220e-05 1.402041089022532105e-04 9.996071457862854004e-01
1.513047463959082961e-04 8.048275049077346921e-05 1.250920759048312902e-04 9.996435642242431641e-01
1.440146297682076693e-04 8.737329335417598486e-05 1.418076717527583241e-04 9.996266365051269531e-01
1.406780793331563473e-04 7.886176172178238630e-05 1.249676133738830686e-04 9.996553063392639160e-01
1.486380060669034719e-04 7.147632277337834239e-05 1.368393859593197703e-04 9.996430277824401855e-01
1.744202891131862998e-04 9.755782957654446363e-05 1.447032409487292171e-04 9.995834231376647949e-01
1.667721953708678484e-04 8.983838051790371537e-05 1.376523287035524845e-04 9.996055960655212402e-01
1.398326567141339183e-04 1.150310563389211893e-04 1.667563483351841569e-04 9.995780587196350098e-01
1.791851973393931985e-04 9.008396591525524855e-05 1.509566791355609894e-04 9.995799660682678223e-01
1.589269086252897978e-04 8.376164623769000173e-05 1.575014175614342093e-04 9.995996952056884766e-01
1.755335833877325058e-04 7.608374289702624083e-05 1.167095761047676206e-04 9.996318221092224121e-01
1.827695086831226945e-04 9.697499626781791449e-05 1.458087790524587035e-04 9.995748400688171387e-01
1.806927321013063192e-04 1.185199507744982839e-04 1.813853305066004395e-04 9.995193481445312500e-01
1.436234742868691683e-04 7.717701373621821404e-05 1.168211383628658950e-04 9.996622204780578613e-01
1.742341846693307161e-04 8.833665924612432718e-05 1.630728074815124273e-04 9.995742440223693848e-01
1.488897105446085334e-04 8.995802636491134763e-05 1.213880823343060911e-04 9.996397495269775391e-01
1.388765085721388459e-04 7.403526979032903910e-05 1.275656250072643161e-04 9.996591806411743164e-01
1.654853549553081393e-04 9.945649799192324281e-05 1.402121706632897258e-04 9.995952248573303223e-01
1.833881542552262545e-04 8.475969661958515644e-05 1.462090440327301621e-04 9.995857477188110352e-01
1.595056091900914907e-04 7.615303184138610959e-05 1.149692106992006302e-04 9.996492862701416016e-01
1.593191555002704263e-04 8.545797754777595401e-05 1.430634001735597849e-04 9.996126294136047363e-01
1.902569492813199759e-04 8.364851964870467782e-05 1.543342368677258492e-04 9.995713233947753906e-01
1.970890880329534411e-04 1.315527915721759200e-04 1.654490042710676789e-04 9.995058178901672363e-01
2.127454499714076519e-04 9.893315291265025735e-05 1.445850066374987364e-04 9.995440840721130371e-01
1.643074065214022994e-04 8.206664642784744501e-05 1.356542634312063456e-04 9.996181726455688477e-01
1.652263745199888945e-04 8.287922537419945002e-05 1.252781657967716455e-04 9.996264576911926270e-01
1.390249381074681878e-04 6.296939682215452194e-05 1.200483748107217252e-04 9.996781945228576660e-01
1.651993079576641321e-04 9.068197687156498432e-05 1.433874858776107430e-04 9.996005892753601074e-01
1.837258605519309640e-04 8.257751323981210589e-05 1.474283781135454774e-04 9.995856285095214844e-01
1.529143482912331820e-04 9.643584053264930844e-05 1.488767302362248302e-04 9.996018409729003906e-01
1.647747412789613008e-04 9.081437747227028012e-05 1.364311174256727099e-04 9.996079802513122559e-01
1.936531043611466885e-04 9.429385681869462132e-05 1.822729245759546757e-04 9.995296597480773926e-01
1.931993756443262100e-04 1.009455081657506526e-04 1.604056014912202954e-04 9.995455741882324219e-01
1.555046474095433950e-04 7.027786341495811939e-05 1.481096987845376134e-04 9.996263384819030762e-01
1.634927757550030947e-04 8.117983816191554070e-05 1.207784371217712760e-04 9.996343851089477539e-01
1.817620795918628573e-04 8.517325477441772819e-05 1.503430103184655309e-04 9.995824694633483887e-01
1.742383756209164858e-04 1.015938614727929235e-04 1.537317730253562331e-04 9.995706081390380859e-01
1.926226977957412601e-04 1.064149037119932473e-04 1.535162155050784349e-04 9.995473623275756836e-01
2.156457485398277640e-04 9.986273653339594603e-05 1.745672343531623483e-04 9.995099306106567383e-01
1.868783583631739020e-04 8.482927660224959254e-05 1.490961731178686023e-04 9.995794296264648438e-01
1.827795204007998109e-04 7.196102524176239967e-05 1.161550317192450166e-04 9.996291995048522949e-01
1.805059000616893172e-04 7.642449054401367903e-05 1.488072011852636933e-04 9.995942115783691406e-01
1.779567392077296972e-04 1.046192555804736912e-04 1.382056507281959057e-04 9.995794892311096191e-01
1.583627017680555582e-04 9.048204810824245214e-05 1.266000181203708053e-04 9.996249079704284668e-01
1.673059305176138878e-04 7.753066165605559945e-05 1.301947631873190403e-04 9.996250867843627930e-01
1.912767329486086965e-04 7.706714677624404430e-05 1.320513692917302251e-04 9.995994567871093750e-01
1.685074821580201387e-04 8.987355249701067805e-05 1.337206631433218718e-04 9.996080994606018066e-01
1.481709914514794946e-04 9.919248259393498302e-05 1.293659006478264928e-04 9.996231794357299805e-01
1.593941269675269723e-04 7.628536695847287774e-05 1.117253050324507058e-04 9.996527433395385742e-01
1.493018207838758826e-04 8.886861905921250582e-05 1.402073830831795931e-04 9.996215701103210449e-01
1.861479686340317130e-04 9.172482532449066639e-05 1.276525144930928946e-04 9.995944499969482422e-01
1.823758357204496861e-04 9.140206384472548962e-05 1.418418687535449862e-04 9.995844960212707520e-01
1.627103338250890374e-04 7.187762093963101506e-05 1.189578033518046141e-04 9.996461868286132812e-01
1.740799489198252559e-04 9.045908518601208925e-05 1.542977406643331051e-04 9.995813965797424316e-01
1.773006806615740061e-04 1.002860153676010668e-04 1.389441458741202950e-04 9.995836615562438965e-01
1.897518231999129057e-04 9.959367889678105712e-05 1.397756568621844053e-04 9.995707869529724121e-01
1.593264023540541530e-04 8.437516953563317657e-05 1.306560589000582695e-04 9.996255636215209961e-01
1.992894394788891077e-04 8.280037582153454423e-05 1.231608912348747253e-04 9.995950460433959961e-01
1.646415621507912874e-04 7.710023055551573634e-05 1.262101723114028573e-04 9.996322989463806152e-01
1.916795299621298909e-04 9.173136641038581729e-05 1.284187746932730079e-04 9.995880722999572754e-01
1.729033829178661108e-04 8.987522596726194024e-05 1.761827734299004078e-04 9.995605945587158203e-01
1.840917539084330201e-04 1.256235700566321611e-04 1.659898116486147046e-04 9.995245933532714844e-01
1.892779255285859108e-04 7.928117702249437571e-05 1.330231025349348783e-04 9.995980858802795410e-01
1.648601319175213575e-04 8.979973790701478720e-05 1.329359511146321893e-04 9.996125698089599609e-01
1.869851257652044296e-04 9.776702790986746550e-05 1.467715046601369977e-04 9.995687603950500488e-01
1.588799204910174012e-04 7.085992547217756510e-05 1.146140202763490379e-04 9.996553659439086914e-01
2.227000659331679344e-04 1.090412697521969676e-04 1.297371782129630446e-04 9.995385408401489258e-01
2.189079386880621314e-04 8.076577069004997611e-05 1.576136855874210596e-04 9.995424151420593262e-01
1.650334306759759784e-04 7.579264638479799032e-05 1.401549816364422441e-04 9.996190667152404785e-01
1.707426854409277439e-04 7.778478175168856978e-05 1.373361446894705296e-04 9.996142387390136719e-01
1.742312160786241293e-04 6.795729859732091427e-05 1.226674212375655770e-04 9.996350407600402832e-01
2.031344483839347959e-04 8.755248563829809427e-05 1.177216036012396216e-04 9.995919466018676758e-01
2.361286751693114638e-04 8.839472138788551092e-05 1.322360039921477437e-04 9.995434284210205078e-01
2.032817574217915535e-04 7.918926712591201067e-05 1.355170970782637596e-04 9.995818734169006348e-01
2.148243074771016836e-04 8.922258712118491530e-05 1.309357758145779371e-04 9.995653033256530762e-01
2.319634950254112482e-04 9.260294609703123569e-05 1.384772185701876879e-04 9.995363950729370117e-01
1.938762725330889225e-04 9.007107291836291552e-05 1.487275585532188416e-04 9.995672702789306641e-01
2.156741102226078510e-04 8.557594992453232408e-05 1.266081089852377772e-04 9.995720386505126953e-01
2.213642874266952276e-04 1.042237054207362235e-04 1.483547384850680828e-04 9.995258450508117676e-01
1.849763211794197559e-04 7.965631084516644478e-05 1.093150058295577765e-04 9.996260404586791992e-01
2.120543940691277385e-04 9.043833415489643812e-05 1.386219955747947097e-04 9.995592236518859863e-01
2.079351688735187054e-04 8.926103328121826053e-05 1.153473203885369003e-04 9.995875358581542969e-01
2.261526678921654820e-04 1.014237132039852440e-04 1.551013701828196645e-04 9.995169639587402344e-01
3.009928623214364052e-04 9.369375766254961491e-05 1.284866884816437960e-04 9.994770884513854980e-01
2.407763822702690959e-04 9.659263741923496127e-05 1.493903691880404949e-04 9.995133876800537109e-01
2.087679895339533687e-04 8.903339767130091786e-05 1.253578666364774108e-04 9.995771050453186035e-01
2.022447151830419898e-04 7.799103332217782736e-05 1.295653928536921740e-04 9.995902180671691895e-01
2.907693851739168167e-04 7.571994501631706953e-05 1.356120628770440817e-04 9.994979500770568848e-01
2.002754190471023321e-04 1.039485578075982630e-04 1.231782225659117103e-04 9.995719790458679199e-01
2.472755732014775276e-04 9.843981388257816434e-05 1.433999568689614534e-04 9.995110034942626953e-01
2.255800354760140181e-04 9.792740456759929657e-05 1.221716083819046617e-04 9.995546340942382812e-01
2.729206462390720844e-04 8.542655996279790998e-05 1.083124589058570564e-04 9.995334744453430176e-01
2.265710791107267141e-04 8.633339166408404708e-05 1.064064636011607945e-04 9.995806813240051270e-01
2.249478275189176202e-04 9.012731607072055340e-05 1.218565739691257477e-04 9.995629787445068359e-01
2.078730904031544924e-04 8.398626232519745827e-05 1.079009889508597553e-04 9.996005296707153320e-01
4.646802553907036781e-04 1.000365664367564023e-04 1.786473731044679880e-04 9.992566704750061035e-01
2.490208717063069344e-04 9.293424227507784963e-05 1.411725825164467096e-04 9.995172619819641113e-01
2.437313814880326390e-04 9.400811541127040982e-05 1.112546015065163374e-04 9.995510578155517578e-01
2.898890234064310789e-04 8.418878860538825393e-05 1.182983469334430993e-04 9.995077848434448242e-01
2.435321657685562968e-04 8.442319813184440136e-05 1.099028741009533405e-04 9.995625019073486328e-01
3.099469759035855532e-04 1.048413396347314119e-04 1.021502757794223726e-04 9.994831085205078125e-01
3.595063462853431702e-04 1.134945196099579334e-04 1.527592539787292480e-04 9.993742108345031738e-01
2.892141928896307945e-04 7.173642370617017150e-05 1.061630609910935163e-04 9.995327591896057129e-01
4.930698196403682232e-04 1.123463734984397888e-04 1.182191481348127127e-04 9.992765188217163086e-01
5.061972769908607006e-04 1.151909673353657126e-04 1.119472653954289854e-04 9.992663860321044922e-01
3.102917980868369341e-04 7.703148003201931715e-05 1.200938277179375291e-04 9.994928240776062012e-01
9.032745147123932838e-04 8.354475721716880798e-05 1.024286684696562588e-04 9.989104866981506348e-01
5.267829983495175838e-04 8.552658982807770371e-05 1.040831193677149713e-04 9.992834329605102539e-01
3.546365478541702032e-04 7.513903983635827899e-05 1.366170909022912383e-04 9.994336366653442383e-01
6.120157195255160332e-04 8.299339970108121634e-05 1.025921301334165037e-04 9.992022514343261719e-01
6.910118972882628441e-04 8.671011892147362232e-05 1.073175808414816856e-04 9.991149902343750000e-01
7.354031549766659737e-04 9.272568422602489591e-05 9.025249892147257924e-05 9.990814924240112305e-01
8.522077114321291447e-04 8.558859553886577487e-05 9.460231376579031348e-05 9.989675879478454590e-01
1.326795550994575024e-03 1.051383223966695368e-04 1.518079661764204502e-04 9.984161853790283203e-01
8.255086722783744335e-04 9.784898429643362761e-05 1.076686967280693352e-04 9.989690184593200684e-01
9.369157487526535988e-04 9.505617344984784722e-05 1.103234608308412135e-04 9.988575577735900879e-01
1.223852275870740414e-03 1.059729620465077460e-04 1.392819685861468315e-04 9.985307455062866211e-01
1.675316249020397663e-03 7.993761391844600439e-05 8.655441342853009701e-05 9.981583356857299805e-01
1.563639962114393711e-03 7.445831579389050603e-05 9.858801058726385236e-05 9.982632994651794434e-01
1.488144509494304657e-03 9.103262709686532617e-05 9.067116479855030775e-05 9.983299374580383301e-01
3.664045594632625580e-03 8.424544648732990026e-05 1.028732513077557087e-04 9.961492419242858887e-01
3.719210159033536911e-03 1.108829310396686196e-04 1.382910122629255056e-04 9.960321784019470215e-01
5.487449932843446732e-03 6.916054553585126996e-05 7.331768574658781290e-05 9.943698644638061523e-01
5.386468488723039627e-03 7.407455996144562960e-05 8.560714923078194261e-05 9.944537878036499023e-01
4.797357600182294846e-03 7.292065856745466590e-05 9.088483056984841824e-05 9.950390458106994629e-01
1.430323813110589981e-02 6.432592635974287987e-05 9.477687126491218805e-05 9.855376482009887695e-01
7.913328707218170166e-03 7.635773363290354609e-05 1.067642733687534928e-04 9.919031858444213867e-01
1.759321056306362152e-02 6.448438216466456652e-05 5.686840813723392785e-05 9.822853803634643555e-01
1.740572042763233185e-02 7.085791003191843629e-05 6.838069384684786201e-05 9.824550747871398926e-01
2.338784374296665192e-02 6.719519296893849969e-05 6.202549411682412028e-05 9.764831662178039551e-01
3.812710195779800415e-02 7.795346027705818415e-05 6.423853483283892274e-05 9.617307186126708984e-01
4.654612392187118530e-02 4.781802635989151895e-05 9.818118269322440028e-05 9.533079862594604492e-01
5.402137711644172668e-02 6.488505459856241941e-05 6.947203655727207661e-05 9.458441138267517090e-01
6.184645369648933411e-02 4.630635885405354202e-05 4.435232767718844116e-05 9.380626082420349121e-01
1.159209683537483215e-01 3.294565249234437943e-05 5.760165004176087677e-05 8.839884400367736816e-01
1.202858984470367432e-01 8.402887760894373059e-05 6.812706851633265615e-05 8.795619606971740723e-01
1.699260026216506958e-01 3.790002301684580743e-05 3.183936860295943916e-05 8.300043940544128418e-01
2.006315439939498901e-01 3.756367732421495020e-05 4.105799234821461141e-05 7.992900609970092773e-01
2.283970415592193604e-01 1.986213101190514863e-05 2.475762630638200790e-05 7.715586423873901367e-01
2.860865592956542969e-01 2.289557960466481745e-05 2.675938594620674849e-05 7.138640880584716797e-01
3.480540513992309570e-01 1.437585706298705190e-05 1.323491960647515953e-05 6.519185304641723633e-01
3.807120323181152344e-01 2.154194226022809744e-05 2.961331847473047674e-05 6.192364692687988281e-01
4.270636737346649170e-01 1.687719668552745134e-05 2.413650690868962556e-05 5.728954076766967773e-01
4.806724786758422852e-01 1.114987298933556303e-05 1.121671630244236439e-05 5.193052291870117188e-01
5.280610918998718262e-01 1.042753501678816974e-05 2.818050779751501977e-05 4.718999564647674561e-01
5.862637758255004883e-01 1.125172457250300795e-05 1.002933549898443744e-05 4.137152135372161865e-01
6.389902830123901367e-01 9.783173481991980225e-06 1.547877764096483588e-05 3.609843552112579346e-01
6.672793030738830566e-01 1.070880716724786907e-05 1.656691711104940623e-05 3.326935470104217529e-01
6.740797162055969238e-01 7.881343663029838353e-06 9.273189789382740855e-06 3.259030580520629883e-01
7.079442739486694336e-01 9.314683666161727160e-06 7.728973287157714367e-06 2.920387387275695801e-01
7.205590009689331055e-01 5.978180979582248256e-06 7.219749477371806279e-06 2.794276177883148193e-01
7.335949540138244629e-01 7.449814802384935319e-06 7.699262823734898120e-06 2.663904130458831787e-01
7.485811114311218262e-01 7.466856004612054676e-06 1.201767008751630783e-05 2.513992488384246826e-01
7.549546360969543457e-01 9.342632438347209245e-06 9.362950549984816462e-06 2.450268566608428955e-01
7.660585045814514160e-01 5.690559646609472111e-06 1.160437022917903960e-05 2.339241504669189453e-01
7.722185850143432617e-01 4.960489150107605383e-06 9.591806701791938394e-06 2.277666777372360229e-01
7.698618769645690918e-01 6.755946287739789113e-06 6.250160822673933581e-06 2.301250994205474854e-01
7.782403230667114258e-01 4.850927325605880469e-06 4.176897164143156260e-06 2.217507958412170410e-01
7.832895517349243164e-01 3.651510269264690578e-06 4.752398126584012061e-06 2.167018055915832520e-01
7.794356942176818848e-01 5.550938112719450146e-06 9.558712918078526855e-06 2.205493897199630737e-01
7.848665714263916016e-01 6.498989932879339904e-06 5.784793302154866979e-06 2.151213139295578003e-01
7.893953323364257812e-01 5.411091478890739381e-06 6.521849172713700682e-06 2.105929851531982422e-01
7.849068045616149902e-01 4.701938451034948230e-06 3.967702014051610604e-06 2.150847017765045166e-01
7.885182499885559082e-01 4.775794423039769754e-06 4.934935077471891418e-06 2.114716768264770508e-01
7.897607684135437012e-01 7.587555955979041755e-06 6.769211722712498158e-06 2.102251499891281128e-01
7.935487031936645508e-01 6.028075404174160212e-06 5.797387075290316716e-06 2.064395546913146973e-01
7.911257743835449219e-01 5.613817393168574199e-06 7.286482286872342229e-06 2.088614553213119507e-01
7.917654514312744141e-01 4.426762188813881949e-06 4.200862349534872919e-06 2.082258015871047974e-01
7.924572825431823730e-01 5.225874247116735205e-06 4.035165602545021102e-06 2.075335532426834106e-01
7.921147942543029785e-01 5.430408691609045491e-06 4.370095666672568768e-06 2.078755199909210205e-01
7.911489605903625488e-01 5.436592346086399630e-06 4.072011051903245971e-06 2.088418453931808472e-01
7.896319031715393066e-01 6.381148523360025138e-06 4.409589564602356404e-06 2.103570848703384399e-01
7.870965003967285156e-01 4.309701580496039242e-06 3.571693696358124726e-06 2.128952294588088989e-01
7.840108871459960938e-01 3.874344201904023066e-06 4.005401478934800252e-06 2.159814536571502686e-01
7.808765769004821777e-01 4.734821686724899337e-06 4.889037882094271481e-06 2.191137522459030151e-01
7.703888416290283203e-01 5.514727945410413668e-06 5.188806881051277742e-06 2.296005934476852417e-01
7.685407400131225586e-01 5.542572125705191866e-06 5.547551154450047761e-06 2.314482331275939941e-01
7.698446512222290039e-01 3.725548140209866688e-06 5.853639322594972327e-06 2.301458120346069336e-01
7.696062326431274414e-01 4.787785201187944040e-06 6.311456218099920079e-06 2.303826361894607544e-01
7.668557763099670410e-01 5.675493866874603555e-06 8.018080734473187476e-06 2.331306040287017822e-01
7.655770778656005859e-01 4.634600372810382396e-06 8.725977750145830214e-06 2.344096451997756958e-01
7.651579976081848145e-01 5.537597189686493948e-06 9.873023373074829578e-06 2.348265200853347778e-01
7.665956616401672363e-01 4.932706815452547744e-06 7.396810360660310835e-06 2.333919256925582886e-01
7.573984265327453613e-01 6.489785846497397870e-06 6.452639809140237048e-06 2.425885349512100220e-01
7.604124546051025391e-01 5.914150278840679675e-06 7.403456038446165621e-06 2.395743280649185181e-01
7.611003518104553223e-01 7.003922291914932430e-06 7.475479833374265581e-06 2.388851940631866455e-01
