2.147754421457648277e-04 2.485675795469433069e-04 1.438381295884028077e-04 9.993924498558044434e-01
1.881960197351872921e-04 1.884443772723898292e-04 1.297844719374552369e-04 9.994931817054748535e-01
1.961654052138328552e-04 2.455218927934765816e-04 1.561385288368910551e-04 9.994022250175476074e-01
1.726561313262209296e-04 1.870897540356963873e-04 1.204756190418265760e-04 9.995200037956237793e-01
1.898455229820683599e-04 1.884714874904602766e-04 1.393515849485993385e-04 9.994823932647705078e-01
1.796762517187744379e-04 1.880477357190102339e-04 1.294314279220998287e-04 9.995028972625732422e-01
2.083178260363638401e-04 1.937292981892824173e-04 1.727167546050623059e-04 9.994255304336547852e-01
2.121654833899810910e-04 2.035764482570812106e-04 1.362289040116593242e-04 9.994475841522216797e-01
1.813206181395798922e-04 2.145583275705575943e-04 1.350160164292901754e-04 9.994692206382751465e-01
1.973575563170015812e-04 1.655826781643554568e-04 1.350066886516287923e-04 9.995018243789672852e-01
2.044561842922121286e-04 2.162439195672050118e-04 1.466995599912479520e-04 9.994328022003173828e-01
2.218273730250075459e-04 1.996930368477478623e-04 1.504050451330840588e-04 9.994280934333801270e-01
1.722460874589160085e-04 2.046738518401980400e-04 1.268810738110914826e-04 9.994961023330688477e-01
1.687957992544397712e-04 2.154185058316215873e-04 1.446548994863405824e-04 9.994713068008422852e-01
2.087407774524763227e-04 2.404998958809301257e-04 1.433475263183936477e-04 9.994074702262878418e-01
1.719337014947086573e-04 2.566498587839305401e-04 1.514815085101872683e-04 9.994198083877563477e-01
1.718402781989425421e-04 1.831730915000662208e-04 1.327420904999598861e-04 9.995126128196716309e-01
1.696525141596794128e-04 1.997847721213474870e-04 1.282881275983527303e-04 9.995025396347045898e-01
2.042264095507562160e-04 2.331654250156134367e-04 1.499307982157915831e-04 9.994125962257385254e-01
1.857432216638699174e-04 2.067786263069137931e-04 1.350390812149271369e-04 9.994724392890930176e-01
2.174391120206564665e-04 1.987885189009830356e-04 1.260853896383196115e-04 9.994577765464782715e-01
1.735441910568624735e-04 2.210423554060980678e-04 1.416660670656710863e-04 9.994635581970214844e-01
1.704964815871790051e-04 1.981854147743433714e-04 1.272026129299774766e-04 9.995043277740478516e-01
1.919617934618145227e-04 2.390589797869324684e-04 1.609263999853283167e-04 9.994082450866699219e-01
2.255315484944730997e-04 2.634617558214813471e-04 1.475500030210241675e-04 9.993636608123779297e-01
1.845896476879715919e-04 2.109508786816149950e-04 1.344771590083837509e-04 9.994701147079467773e-01
1.888671104097738862e-04 2.156797563657164574e-04 1.386561925755813718e-04 9.994566440582275391e-01
2.019652893068268895e-04 2.170362422475591302e-04 1.616943773115053773e-04 9.994193315505981445e-01
2.088265464408323169e-04 2.062114508589729667e-04 1.463573862565681338e-04 9.994384646415710449e-01
1.705939212115481496e-04 1.985684211831539869e-04 1.385242212563753128e-04 9.994922876358032227e-01
1.934026513481512666e-04 2.385571860941126943e-04 1.631893246667459607e-04 9.994050264358520508e-01
1.965756964636966586e-04 1.988669100683182478e-04 1.378708402626216412e-04 9.994667768478393555e-01
2.319940977031365037e-04 2.774773165583610535e-04 1.971164892893284559e-04 9.992935061454772949e-01
2.142218581866472960e-04 2.307213726453483105e-04 1.730532967485487461e-04 9.993814229965209961e-01
1.889109116746112704e-04 2.597896673250943422e-04 1.828775566536933184e-04 9.993684291839599609e-01
1.894858869491145015e-04 2.872311160899698734e-04 1.397633895976468921e-04 9.993836879730224609e-01
2.012667391682043672e-04 2.238113083876669407e-04 1.476913748774677515e-04 9.994271397590637207e-01
1.972819154616445303e-04 2.647308283485472202e-04 1.578395749675109982e-04 9.993800520896911621e-01
1.833979476941749454e-04 1.844817597884684801e-04 1.153816119767725468e-04 9.995162487030029297e-01
1.980615779757499695e-04 1.995604106923565269e-04 1.325128978351131082e-04 9.994697570800781250e-01
1.876916794572025537e-04 1.994670165004208684e-04 1.364140916848555207e-04 9.994768500328063965e-01
1.989499724004417658e-04 2.420752571197226644e-04 1.598225207999348640e-04 9.993991851806640625e-01
2.071930648526176810e-04 2.043090789811685681e-04 1.455612073186784983e-04 9.994426369667053223e-01
1.687089243205264211e-04 2.003178378799930215e-04 1.147578368545509875e-04 9.995164275169372559e-01
1.874378795037046075e-04 1.883877703221514821e-04 1.195341828861273825e-04 9.995047450065612793e-01
2.035031502600759268e-04 2.007794537348672748e-04 1.258580887224525213e-04 9.994698166847229004e-01
2.200615417677909136e-04 2.110243804054334760e-04 1.352174440398812294e-04 9.994338750839233398e-01
2.069652255158871412e-04 2.501279523130506277e-04 1.620580151211470366e-04 9.993810653686523438e-01
2.209197846241295338e-04 2.140793658327311277e-04 1.646632445044815540e-04 9.994004964828491211e-01
1.966845738934352994e-04 1.816420990508049726e-04 1.516509801149368286e-04 9.994702935218811035e-01
2.211482351412996650e-04 2.438337396597489715e-04 1.472609874326735735e-04 9.993877410888671875e-01
2.030457835644483566e-04 2.210606035077944398e-04 1.244823215529322624e-04 9.994512200355529785e-01
1.918737398227676749e-04 1.987404830288141966e-04 1.374839630443602800e-04 9.994716644287109375e-01
2.061870764009654522e-04 1.817133743315935135e-04 1.485908142058178782e-04 9.994632005691528320e-01
1.514775358373299241e-04 1.895686436910182238e-04 1.249046035809442401e-04 9.995341300964355469e-01
2.034053613897413015e-04 1.937254564836621284e-04 1.299803261645138264e-04 9.994729757308959961e-01
1.930888684000819921e-04 2.066652086796239018e-04 1.419297332176938653e-04 9.994581937789916992e-01
2.154021203750744462e-04 2.169152721762657166e-04 1.312360400334000587e-04 9.994364976882934570e-01
2.081056009046733379e-04 2.096024254569783807e-04 1.483205560361966491e-04 9.994336366653442383e-01
2.071098278975114226e-04 2.573274541646242142e-04 1.288041385123506188e-04 9.994066953659057617e-01
1.901773066492751241e-04 1.862249919213354588e-04 1.540924567962065339e-04 9.994693398475646973e-01
2.037088706856593490e-04 2.499148831702768803e-04 1.510465081082656980e-04 9.993956089019775391e-01
2.310606796527281404e-04 2.390552836004644632e-04 1.443588698748499155e-04 9.993855357170104980e-01
2.023263659793883562e-04 2.108319458784535527e-04 1.404998329235240817e-04 9.994465112686157227e-01
1.801463804440572858e-04 1.757811696734279394e-04 1.230007328558713198e-04 9.995212554931640625e-01
1.913797459565103054e-04 2.221738832304254174e-04 1.228466571774333715e-04 9.994634389877319336e-01
1.811218098737299442e-04 2.105783059960231185e-04 1.192265481222420931e-04 9.994890093803405762e-01
1.927861885633319616e-04 2.167078637285158038e-04 1.385311916237697005e-04 9.994520545005798340e-01
1.870383857749402523e-04 2.107826585415750742e-04 1.254220696864649653e-04 9.994766116142272949e-01
2.599135041236877441e-04 2.634919947013258934e-04 1.533138274680823088e-04 9.993232488632202148e-01
1.803073391783982515e-04 2.012235490838065743e-04 1.192185736726969481e-04 9.994992017745971680e-01
2.176008420065045357e-04 2.461543772369623184e-04 1.527067070128396153e-04 9.993838071823120117e-01
2.138431445928290486e-04 2.012175827985629439e-04 1.322557654930278659e-04 9.994527101516723633e-01
2.807316486723721027e-04 2.080740232486277819e-04 1.393889979226514697e-04 9.993715286254882812e-01
1.962324604392051697e-04 1.887017861008644104e-04 1.352970866719260812e-04 9.994798898696899414e-01
2.242969640064984560e-04 2.115348324878141284e-04 1.392707490595057607e-04 9.994251728057861328e-01
1.841141929617151618e-04 1.741557789500802755e-04 1.348572986898943782e-04 9.995072484016418457e-01
2.089666668325662613e-04 2.074960793834179640e-04 1.415138831362128258e-04 9.994421601295471191e-01
2.230336976936087012e-04 2.372944290982559323e-04 1.434372534276917577e-04 9.993962049484252930e-01
1.973575854208320379e-04 2.447499718982726336e-04 1.536084164399653673e-04 9.994041323661804199e-01
2.277117164339870214e-04 2.095565141644328833e-04 1.418491010554134846e-04 9.994209408760070801e-01
1.888949191197752953e-04 1.949932775460183620e-04 1.168652452179230750e-04 9.994991421699523926e-01
2.005773567361757159e-04 1.935345062520354986e-04 1.387433003401383758e-04 9.994667172431945801e-01
1.787900109775364399e-04 2.006726281251758337e-04 1.514036266598850489e-04 9.994692206382751465e-01
1.931300794240087271e-04 1.940211950568482280e-04 1.193849166156724095e-04 9.994934797286987305e-01
2.059514663415029645e-04 1.894653978524729609e-04 1.210827904287725687e-04 9.994837045669555664e-01
1.989197626244276762e-04 2.255140570923686028e-04 1.558797812322154641e-04 9.994195699691772461e-01
1.855581940617412329e-04 2.168987120967358351e-04 1.396388252032920718e-04 9.994580745697021484e-01
1.793175179045647383e-04 2.011457690969109535e-04 1.199839825858362019e-04 9.994992613792419434e-01
2.092532376991584897e-04 2.288900286657735705e-04 1.506796834291890264e-04 9.994109869003295898e-01
1.733429235173389316e-04 2.187819482060149312e-04 1.385981886414811015e-04 9.994692802429199219e-01
1.833592104958370328e-04 2.167646161979064345e-04 1.196315497509203851e-04 9.994804263114929199e-01
2.278665779158473015e-04 3.337786765769124031e-04 1.635634398553520441e-04 9.992743730545043945e-01
2.465412835590541363e-04 2.194987173425033689e-04 1.364887139061465859e-04 9.993973374366760254e-01
2.074250951409339905e-04 1.972719182958826423e-04 1.387724914820864797e-04 9.994565248489379883e-01
2.698216412682086229e-04 2.506988239474594593e-04 1.613421190995723009e-04 9.993177652359008789e-01
2.358924539294093847e-04 2.330680144950747490e-04 1.645858137635514140e-04 9.993667006492614746e-01
2.519409172236919403e-04 2.741047937888652086e-04 1.492165465606376529e-04 9.993249177932739258e-01
2.224971394753083587e-04 3.103030321653932333e-04 1.565258135087788105e-04 9.993107318878173828e-01
1.785879430826753378e-04 2.459756797179579735e-04 1.335984707111492753e-04 9.994420409202575684e-01
2.192577085224911571e-04 2.321759820915758610e-04 1.483426458435133100e-04 9.994003176689147949e-01
2.499039983376860619e-04 2.137853443855419755e-04 1.331370294792577624e-04 9.994035363197326660e-01
2.059106627712026238e-04 1.872681023087352514e-04 1.394363353028893471e-04 9.994670152664184570e-01
1.972809986909851432e-04 2.064594591502100229e-04 1.321257295785471797e-04 9.994637966156005859e-01
2.128746127709746361e-04 1.833797578001394868e-04 1.151228716480545700e-04 9.994887709617614746e-01
1.946277916431427002e-04 2.301899803569540381e-04 1.337764842901378870e-04 9.994413852691650391e-01
2.033794880844652653e-04 1.909105922095477581e-04 1.193846692331135273e-04 9.994859099388122559e-01
2.263242204207926989e-04 2.303827204741537571e-04 1.524023246020078659e-04 9.993907213211059570e-01
1.815866562537848949e-04 1.993467449210584164e-04 1.183806962217204273e-04 9.995007514953613281e-01
2.148936182493343949e-04 1.902949297800660133e-04 1.498562342021614313e-04 9.994450807571411133e-01
2.625492052175104618e-04 2.842927642632275820e-04 1.899627386592328548e-04 9.992631673812866211e-01
2.298181352671235800e-04 2.150721702491864562e-04 1.252206566277891397e-04 9.994298219680786133e-01
2.141573786502704024e-04 2.613963442854583263e-04 1.459975464968010783e-04 9.993783831596374512e-01
1.881114440038800240e-04 1.905732788145542145e-04 1.137623694376088679e-04 9.995075464248657227e-01
2.097578399116173387e-04 2.385884872637689114e-04 1.571521424921229482e-04 9.993947148323059082e-01
2.055959048448130488e-04 2.316941245226189494e-04 1.400324545102193952e-04 9.994225502014160156e-01
2.291248820256441832e-04 2.507469907868653536e-04 1.541624660603702068e-04 9.993657469749450684e-01
2.250733523396775126e-04 2.120863791787996888e-04 1.352519757347181439e-04 9.994274973869323730e-01
2.151108492398634553e-04 2.183851465815678239e-04 1.554075570311397314e-04 9.994109272956848145e-01
1.771110983099788427e-04 1.899279013741761446e-04 1.208980247611179948e-04 9.995120763778686523e-01
2.206014905823394656e-04 2.783781674224883318e-04 1.238721742993220687e-04 9.993768334388732910e-01
1.832395064411684871e-04 2.112839720211923122e-04 1.324602199019864202e-04 9.994730949401855469e-01
2.255601430078968406e-04 2.586492046248167753e-04 1.494407042628154159e-04 9.993662834167480469e-01
2.139958669431507587e-04 2.477223752066493034e-04 1.419283653376623988e-04 9.993963241577148438e-01
2.050403418252244592e-04 2.182188181905075908e-04 1.327035570284351707e-04 9.994437098503112793e-01
2.265694492962211370e-04 2.484987780917435884e-04 1.257808908121660352e-04 9.993992447853088379e-01
2.469155879225581884e-04 2.679659519344568253e-04 1.305027690250426531e-04 9.993547201156616211e-01
2.508033066987991333e-04 2.923287102021276951e-04 1.610264444025233388e-04 9.992959499359130859e-01
2.195623237639665604e-04 2.136046678060665727e-04 1.309565996052697301e-04 9.994357228279113770e-01
2.239736641058698297e-04 2.792931627482175827e-04 1.381658512400463223e-04 9.993582963943481445e-01
2.007098664762452245e-04 2.489159232936799526e-04 1.371991820633411407e-04 9.994131326675415039e-01
2.210926468251273036e-04 2.869708696380257607e-04 1.457690377719700336e-04 9.993461370468139648e-01
2.239936438854783773e-04 2.152382512576878071e-04 1.378866290906444192e-04 9.994227290153503418e-01
2.474409993737936020e-04 2.930361079052090645e-04 1.533364993520081043e-04 9.993055462837219238e-01
1.941872178576886654e-04 2.498299581930041313e-04 1.218614197568967938e-04 9.994338154792785645e-01
2.477661473676562309e-04 2.016632352024316788e-04 1.284200843656435609e-04 9.994220733642578125e-01
2.224393101641908288e-04 2.748781407717615366e-04 1.486192486481741071e-04 9.993541240692138672e-01
2.022852422669529915e-04 2.112428628606721759e-04 1.348415098618716002e-04 9.994515776634216309e-01
2.148273488273844123e-04 2.198659058194607496e-04 1.385688956361263990e-04 9.994267225265502930e-01
2.324067172594368458e-04 2.222570183221250772e-04 1.408706302754580975e-04 9.994041919708251953e-01
2.553249360062181950e-04 2.951289934571832418e-04 1.468960399506613612e-04 9.993027448654174805e-01
2.490533224772661924e-04 2.294917503604665399e-04 1.392726699123159051e-04 9.993820190429687500e-01
2.506941673345863819e-04 2.521593123674392700e-04 1.385424257023259997e-04 9.993582963943481445e-01
2.149545762222260237e-04 2.726299862843006849e-04 1.330317609244957566e-04 9.993793368339538574e-01
2.008821611525490880e-04 1.915065658977255225e-04 1.084102405002340674e-04 9.994994401931762695e-01
2.140637661796063185e-04 2.370593865634873509e-04 1.425412774551659822e-04 9.994058012962341309e-01
3.274763294029980898e-04 2.677974407561123371e-04 1.628983009140938520e-04 9.992417693138122559e-01
2.759482013061642647e-04 2.509820624254643917e-04 1.410131662851199508e-04 9.993318915367126465e-01
2.741982461884617805e-04 3.117836895398795605e-04 1.725302427075803280e-04 9.992416501045227051e-01
3.166873939335346222e-04 2.757878392003476620e-04 1.559538795845583081e-04 9.992520809173583984e-01
2.222910406999289989e-04 1.998252118937671185e-04 1.120801680372096598e-04 9.994652271270751953e-01
2.453626366332173347e-04 2.487660385668277740e-04 1.294533576583489776e-04 9.993764758110046387e-01
2.470176841598004103e-04 2.584388421382755041e-04 1.258661650354042649e-04 9.993687868118286133e-01
2.947338216472417116e-04 2.485822187736630440e-04 1.426221861038357019e-04 9.993140101432800293e-01
2.608591748867183924e-04 2.716181916184723377e-04 1.351474493276327848e-04 9.993324279785156250e-01
2.808796416502445936e-04 2.278603496961295605e-04 1.236114330822601914e-04 9.993676543235778809e-01
2.834777988027781248e-04 2.318027545697987080e-04 1.510374131612479687e-04 9.993335604667663574e-01
2.945760206785053015e-04 2.496295783203095198e-04 1.272626686841249466e-04 9.993284940719604492e-01
2.440245152683928609e-04 2.169096987927332520e-04 1.097491040127351880e-04 9.994295835494995117e-01
3.575329319573938847e-04 3.412069054320454597e-04 1.657597167650237679e-04 9.991353154182434082e-01
3.285872226115316153e-04 3.473353572189807892e-04 1.531225570943206549e-04 9.991707801818847656e-01
2.938061370514333248e-04 3.155110753141343594e-04 1.414224825566634536e-04 9.992498159408569336e-01
3.911585954483598471e-04 3.344524884596467018e-04 1.542927930131554604e-04 9.991199374198913574e-01
3.064258780796080828e-04 2.184043405577540398e-04 1.245388411916792393e-04 9.993505477905273438e-01
2.724022197071462870e-04 2.685802464839071035e-04 1.216008968185633421e-04 9.993376731872558594e-01
3.392365179024636745e-04 2.964256273116916418e-04 1.408340176567435265e-04 9.992239475250244141e-01
3.949068195652216673e-04 3.243639948777854443e-04 1.441040949430316687e-04 9.991366863250732422e-01
3.124200447928160429e-04 2.974017697852104902e-04 1.334178959950804710e-04 9.992570281028747559e-01
2.748145489022135735e-04 2.729442203417420387e-04 1.213232899317517877e-04 9.993308782577514648e-01
4.350692324806004763e-04 2.807163400575518608e-04 1.309695944655686617e-04 9.991532564163208008e-01
3.004353493452072144e-04 2.933956275228410959e-04 1.519991637906059623e-04 9.992540478706359863e-01
4.469375999178737402e-04 3.307016158942133188e-04 1.230789348483085632e-04 9.990998506546020508e-01
4.024936060886830091e-04 2.746971440501511097e-04 1.157731239800341427e-04 9.992066025733947754e-01
4.972977330908179283e-04 3.497832512948662043e-04 1.518905191915109754e-04 9.990009069442749023e-01
7.665387820452451706e-04 2.790361177176237106e-04 1.215270094689913094e-04 9.988328218460083008e-01
3.910440136678516865e-04 3.332928463350981474e-04 1.402916823280975223e-04 9.991353154182434082e-01
5.709810648113489151e-04 2.992930822074413300e-04 1.113289326895028353e-04 9.990185499191284180e-01
5.181651213206350803e-04 2.645517524797469378e-04 1.346877252217382193e-04 9.990829825401306152e-01
6.840494461357593536e-04 3.253665927331894636e-04 1.242002181243151426e-04 9.988664984703063965e-01
5.972852231934666634e-04 3.573684371076524258e-04 1.346319040749222040e-04 9.989108443260192871e-01
7.971675950102508068e-04 3.573640133254230022e-04 1.408861862728372216e-04 9.987043738365173340e-01
7.653651991859078407e-04 2.989254717249423265e-04 1.285529870074242353e-04 9.988071918487548828e-01
1.156216254457831383e-03 3.168164694216102362e-04 1.208520043292082846e-04 9.984059929847717285e-01
5.885314894840121269e-04 3.878993447870016098e-04 1.698137639323249459e-04 9.988537430763244629e-01
8.048820891417562962e-04 2.692684356588870287e-04 1.284744648728519678e-04 9.987974762916564941e-01
2.058090642094612122e-03 3.941252653021365404e-04 1.086265838239341974e-04 9.974390268325805664e-01
1.331595936790108681e-03 3.380894777365028858e-04 1.327383215539157391e-04 9.981974959373474121e-01
1.703298767097294331e-03 4.159683885518461466e-04 1.189285540021955967e-04 9.977620840072631836e-01
2.088497392833232880e-03 3.914012340828776360e-04 1.406924711773172021e-04 9.973796010017395020e-01
3.148093586787581444e-03 4.166148137301206589e-04 1.327853824477642775e-04 9.963021278381347656e-01
3.221331397071480751e-03 3.020699077751487494e-04 1.076659391401335597e-04 9.963690042495727539e-01
7.463749032467603683e-03 3.517206059768795967e-04 1.145115311373956501e-04 9.920700192451477051e-01
5.504750180989503860e-03 4.349805240053683519e-04 1.211755734402686357e-04 9.939392209053039551e-01
5.852874368429183960e-03 3.953063860535621643e-04 1.125339913414791226e-04 9.936394095420837402e-01
5.989833734929561615e-03 3.154458245262503624e-04 1.301268348470330238e-04 9.935647845268249512e-01
1.075803022831678391e-02 4.066636320203542709e-04 1.034196684486232698e-04 9.887319803237915039e-01
1.037697028368711472e-02 3.566691593732684851e-04 8.089279435807839036e-05 9.891855120658874512e-01
1.591361314058303833e-02 4.201678966637700796e-04 1.114546321332454681e-04 9.835546612739562988e-01
1.981183141469955444e-02 4.643193678930401802e-04 1.322587631875649095e-04 9.795919060707092285e-01
2.187425270676612854e-02 4.029361298307776451e-04 9.227209375239908695e-05 9.776307940483093262e-01
3.231528773903846741e-02 2.763146767392754555e-04 9.493494144408032298e-05 9.673135876655578613e-01
2.279916405677795410e-02 4.243043949827551842e-04 8.068632450886070728e-05 9.766959547996520996e-01
4.560121893882751465e-02 3.267214051447808743e-04 8.931053162086755037e-05 9.539821743965148926e-01
4.720909893512725830e-02 3.044765908271074295e-04 8.803918899502605200e-05 9.523983597755432129e-01
4.747901111841201782e-02 3.558916505426168442e-04 8.868461736710742116e-05 9.520764350891113281e-01
8.746064454317092896e-02 3.314584027975797653e-04 7.128813012968748808e-05 9.121366143226623535e-01
1.006450578570365906e-01 4.020876076538115740e-04 8.044989226618781686e-05 8.988726139068603516e-01
1.369138360023498535e-01 2.959312696475535631e-04 6.720125384163111448e-05 8.627229928970336914e-01
1.624246835708618164e-01 1.966585841728374362e-04 5.085449811303988099e-05 8.373278975486755371e-01
1.942724883556365967e-01 2.895696961786597967e-04 6.286866118898615241e-05 8.053746819496154785e-01
2.177913486957550049e-01 1.935738691827282310e-04 4.540875670500099659e-05 7.819696664810180664e-01
2.611925303936004639e-01 1.711867225822061300e-04 3.924973862012848258e-05 7.385970950126647949e-01
2.481737285852432251e-01 1.654713705647736788e-04 4.529961370280943811e-05 7.516158223152160645e-01
2.813184857368469238e-01 1.628532045288011432e-04 3.378961628186516464e-05 7.184849977493286133e-01
3.247886598110198975e-01 1.604634744580835104e-04 3.620069037424400449e-05 6.750146746635437012e-01
3.380405008792877197e-01 3.073833067901432514e-04 3.906228812411427498e-05 6.616130471229553223e-01
3.749530613422393799e-01 2.044753346126526594e-04 3.866325641865842044e-05 6.248036026954650879e-01
3.854604065418243408e-01 2.102086291415616870e-04 3.694649421959184110e-05 6.142923831939697266e-01
4.026698172092437744e-01 1.674908853601664305e-04 3.424500391702167690e-05 5.971283316612243652e-01
4.457967281341552734e-01 1.132455290644429624e-04 2.718645555432885885e-05 5.540626645088195801e-01
4.396230280399322510e-01 1.223557628691196442e-04 3.986352749052457511e-05 5.602145791053771973e-01
4.409986138343811035e-01 1.104067414416931570e-04 2.833236612787004560e-05 5.588626861572265625e-01
4.557716548442840576e-01 1.324480981566011906e-04 3.266264684498310089e-05 5.440633893013000488e-01
4.664078354835510254e-01 8.872395846992731094e-05 3.281697354395873845e-05 5.334702730178833008e-01
4.699788689613342285e-01 8.633493416709825397e-05 3.216728509869426489e-05 5.299026966094970703e-01
4.733541607856750488e-01 1.070993166649714112e-04 2.762146687018685043e-05 5.265111327171325684e-01
4.694023728370666504e-01 1.053180822054855525e-04 2.584872163424734026e-05 5.304664969444274902e-01
4.759882688522338867e-01 9.259523358196020126e-05 2.721104829106479883e-05 5.238918066024780273e-01
4.722901880741119385e-01 1.183369022328406572e-04 2.216500070062465966e-05 5.275692343711853027e-01
4.936208128929138184e-01 8.968627662397921085e-05 2.788344318105373532e-05 5.062614083290100098e-01
4.869150817394256592e-01 7.028433174127712846e-05 2.157756352971773595e-05 5.129929184913635254e-01
4.895928800106048584e-01 1.193342031911015511e-04 2.418830808892380446e-05 5.102635025978088379e-01
4.934378564357757568e-01 9.023357415571808815e-05 1.963754948519635946e-05 5.064523816108703613e-01
4.834798872470855713e-01 1.073377061402425170e-04 2.352861520193982869e-05 5.163891315460205078e-01
4.858458340167999268e-01 8.358778723049908876e-05 2.411765126453246921e-05 5.140464901924133301e-01
4.895931780338287354e-01 1.045453536789864302e-04 2.707924795686267316e-05 5.102751255035400391e-01
4.823234081268310547e-01 1.168342423625290394e-04 2.599720573925878853e-05 5.175337195396423340e-01
4.839829802513122559e-01 8.835511835059151053e-05 2.498755566193722188e-05 5.159037709236145020e-01
4.747025668621063232e-01 1.116208077291958034e-04 3.015882612089626491e-05 5.251554846763610840e-01
4.630978405475616455e-01 9.118906746152788401e-05 2.945625783468130976e-05 5.367816090583801270e-01
4.484533965587615967e-01 1.138735678978264332e-04 3.464744804659858346e-05 5.513978600502014160e-01
4.402012526988983154e-01 1.125542185036465526e-04 2.522761496948078275e-05 5.596609115600585938e-01
4.375937283039093018e-01 1.423354988219216466e-04 3.222425584681332111e-05 5.622316598892211914e-01
4.293642044067382812e-01 1.389620301779359579e-04 2.428038897051010281e-05 5.704724788665771484e-01
4.341220557689666748e-01 1.278095587622374296e-04 3.107386146439239383e-05 5.657190084457397461e-01
4.336519241333007812e-01 1.265582541236653924e-04 2.505440716049633920e-05 5.661963224411010742e-01
4.288909733295440674e-01 1.290754007641226053e-04 3.123565329588018358e-05 5.709488987922668457e-01
4.316455125808715820e-01 1.018073890008963645e-04 2.884065725083928555e-05 5.682234764099121094e-01
4.302981495857238770e-01 1.125031631090678275e-04 2.759005110419820994e-05 5.695618391036987305e-01
4.290441870689392090e-01 1.074755637091584504e-04 2.249212411697953939e-05 5.708260536193847656e-01
4.254372119903564453e-01 1.110819721361622214e-04 2.577571103756781667e-05 5.744259357452392578e-01
