2.105014937114901841e-05 3.271420428063720465e-05 3.473926335573196411e-05 1.004131078720092773e+00
3.448534698691219091e-05 4.869173062616027892e-05 1.900887000374495983e-04 1.003946065902709961e+00
2.506489909137599170e-05 5.395824700826779008e-05 4.755632835440337658e-05 1.004092693328857422e+00
2.281347406096756458e-05 3.793651558225974441e-05 3.580920383683405817e-05 1.004122972488403320e+00
2.853883415809832513e-05 3.500863749650307000e-05 4.803726551472209394e-05 1.004108071327209473e+00
2.148538078472483903e-05 4.449238622328266501e-05 3.734278288902714849e-05 1.004115819931030273e+00
2.571630830061621964e-05 3.444763933657668531e-05 4.655793236452154815e-05 1.004112482070922852e+00
2.033112286881078035e-05 3.087879304075613618e-05 4.330201045377179980e-05 1.004124999046325684e+00
2.139807111234404147e-05 5.103430157760158181e-05 3.986145020462572575e-05 1.004107117652893066e+00
2.973234404635149986e-05 3.439329157117754221e-05 4.632212221622467041e-05 1.004108786582946777e+00
3.023200042662210763e-05 6.001150177326053381e-05 4.393067138153128326e-05 1.004084825515747070e+00
2.190327722928486764e-05 2.902038613683544099e-05 4.180606993031688035e-05 1.004127025604248047e+00
1.969899130926933140e-05 3.339468094054609537e-05 4.411681220517493784e-05 1.004122376441955566e+00
2.700621553231030703e-05 3.717527943081222475e-05 4.397232260089367628e-05 1.004111409187316895e+00
2.428337757010012865e-05 3.009720421687234193e-05 3.278285657870583236e-05 1.004132747650146484e+00
3.419676068006083369e-05 5.342313670553267002e-05 5.558349221246317029e-05 1.004076480865478516e+00
3.521411781548522413e-05 4.706882464233785868e-05 4.935056858812458813e-05 1.004087805747985840e+00
2.878535451600328088e-05 3.553484202711842954e-05 4.204137439955957234e-05 1.004112958908081055e+00
2.007958028116263449e-05 3.879997530020773411e-05 4.227176759741269052e-05 1.004118442535400391e+00
2.346814835618715733e-05 3.641463263193145394e-05 4.776045534526929259e-05 1.004112124443054199e+00
2.905331712099723518e-05 5.392589810071513057e-05 5.204470289754681289e-05 1.004084110260009766e+00
2.204897828050889075e-05 2.799945832521189004e-05 3.830593050224706531e-05 1.004130959510803223e+00
2.313447475899010897e-05 4.619937317329458892e-05 3.390013080206699669e-05 1.004116058349609375e+00
3.293831105111166835e-05 4.298330532037653029e-05 5.734358273912221193e-05 1.004085898399353027e+00
2.572103403508663177e-05 3.741015098057687283e-05 4.014700607513077557e-05 1.004116058349609375e+00
3.316771108075045049e-05 4.243223884259350598e-05 4.145021375734359026e-05 1.004102468490600586e+00
2.265463990624994040e-05 4.073231320944614708e-05 4.611405893228948116e-05 1.004109740257263184e+00
2.245876567030791193e-05 3.954715430154465139e-05 4.386738510220311582e-05 1.004113554954528809e+00
2.877784390875604004e-05 4.773600085172802210e-05 3.496768476907163858e-05 1.004108309745788574e+00
2.966638930956833065e-05 3.508437293930910528e-05 4.503754826146177948e-05 1.004109382629394531e+00
3.605967503972351551e-05 4.452890789252705872e-05 5.149343269295059144e-05 1.004087328910827637e+00
2.140043943654745817e-05 3.640778959379531443e-05 3.777383244596421719e-05 1.004123806953430176e+00
3.178575570927932858e-05 2.854450212907977402e-05 3.005892176588531584e-05 1.004129409790039062e+00
2.917869824159424752e-05 4.229438127367757261e-05 4.383226405479945242e-05 1.004104018211364746e+00
2.717248207773081958e-05 3.842971273115836084e-05 6.306404975475743413e-05 1.004090905189514160e+00
2.174256405851338059e-05 3.729576565092429519e-05 3.582700446713715792e-05 1.004124283790588379e+00
2.752387445070780814e-05 5.056233567302115262e-05 4.848304160987026989e-05 1.004092931747436523e+00
2.760330607998184860e-05 5.546204920392483473e-05 3.625296449172310531e-05 1.004099845886230469e+00
1.913225059979595244e-05 3.353634747327305377e-05 3.716555875143967569e-05 1.004129528999328613e+00
2.246540680062025785e-05 6.719340308336541057e-05 5.012657129555009305e-05 1.004079461097717285e+00
3.004130667250137776e-05 4.241114584146998823e-05 5.525851884158328176e-05 1.004091739654541016e+00
2.503168798284605145e-05 3.907608333975076675e-05 4.601284308591857553e-05 1.004109621047973633e+00
2.859536652977112681e-05 3.384558658581227064e-05 3.828104308922775090e-05 1.004119038581848145e+00
2.815208426909521222e-05 4.257901673554442823e-05 3.883680619765073061e-05 1.004110097885131836e+00
3.521001781336963177e-05 4.173579873167909682e-05 5.191258605918847024e-05 1.004090666770935059e+00
4.740554868476465344e-05 4.007129973615519702e-05 5.196190249989740551e-05 1.004079818725585938e+00
2.656883953022770584e-05 5.808010610053315759e-05 4.728869680548086762e-05 1.004087448120117188e+00
3.285439015598967671e-05 3.726247814483940601e-05 4.071630974067375064e-05 1.004108667373657227e+00
3.739603926078416407e-05 5.900339601794257760e-05 6.993424904067069292e-05 1.004052996635437012e+00
2.154767207684926689e-05 3.877704511978663504e-05 4.436842573340982199e-05 1.004114866256713867e+00
1.734100987960118800e-05 3.585948797990567982e-05 4.729186912300065160e-05 1.004118919372558594e+00
2.921119812526740134e-05 3.217265839339233935e-05 3.980501060141250491e-05 1.004118323326110840e+00
2.455001776979770511e-05 3.501551327644847333e-05 3.927139914594590664e-05 1.004120588302612305e+00
2.883466549974400550e-05 4.739660289487801492e-05 4.023073051939718425e-05 1.004103064537048340e+00
2.883994966396130621e-05 3.373505751369521022e-05 3.841262878268025815e-05 1.004118204116821289e+00
2.938942816399503499e-05 4.326677299104630947e-05 4.253403312759473920e-05 1.004104375839233398e+00
2.140370816050563008e-05 2.907077214331366122e-05 4.161191463936120272e-05 1.004127740859985352e+00
2.656562537595164031e-05 4.905226160190068185e-05 4.986258500139229000e-05 1.004094004631042480e+00
3.671166996355168521e-05 3.224115062039345503e-05 4.610075484379194677e-05 1.004104495048522949e+00
3.109719909843988717e-05 6.982372724451124668e-05 5.602718374575488269e-05 1.004062294960021973e+00
3.822646249318495393e-05 3.065248893108218908e-05 4.362589970696717501e-05 1.004107117652893066e+00
2.873329140129499137e-05 2.961259815492667258e-05 3.930880484404042363e-05 1.004122018814086914e+00
2.856287392205558717e-05 5.846341082360595465e-05 5.304048681864514947e-05 1.004079222679138184e+00
2.777769987005740404e-05 4.323497341829352081e-05 4.356423960416577756e-05 1.004104733467102051e+00
2.257221240142825991e-05 3.948862649849615991e-05 3.464617475401610136e-05 1.004122495651245117e+00
3.196661782567389309e-05 5.000426608603447676e-05 5.251266338746063411e-05 1.004084944725036621e+00
2.960992060252465308e-05 3.603477671276777983e-05 3.796374585363082588e-05 1.004115581512451172e+00
3.718884545378386974e-05 3.551414920366369188e-05 5.319766933098435402e-05 1.004093408584594727e+00
3.438988642301410437e-05 3.492012911010533571e-05 4.324233304942026734e-05 1.004106879234313965e+00
3.669430225272662938e-05 4.631483170669525862e-05 5.783487722510471940e-05 1.004078507423400879e+00
2.867865987354889512e-05 3.213570380466990173e-05 4.802882904186844826e-05 1.004110932350158691e+00
3.241184458602219820e-05 3.775994628085754812e-05 3.020987605850677937e-05 1.004119277000427246e+00
3.826075771939940751e-05 3.121138433925807476e-05 4.021627682959660888e-05 1.004109859466552734e+00
3.214651223970577121e-05 3.651038423413410783e-05 4.435326991369947791e-05 1.004106044769287109e+00
3.039839793927967548e-05 3.665473559522069991e-05 3.931279934477061033e-05 1.004113316535949707e+00
2.065524677163921297e-05 2.199877599196042866e-05 3.331931657157838345e-05 1.004143953323364258e+00
2.979592136398423463e-05 4.226257806294597685e-05 4.547197022475302219e-05 1.004102110862731934e+00
3.340445255162194371e-05 3.665207259473390877e-05 5.494888682733289897e-05 1.004094243049621582e+00
2.683221282495651394e-05 3.352978455950506032e-05 3.758258026209659874e-05 1.004121422767639160e+00
3.310032479930669069e-05 4.181289477855898440e-05 3.459175786701962352e-05 1.004109978675842285e+00
3.039076909772120416e-05 5.060799230705015361e-05 5.495463847182691097e-05 1.004083633422851562e+00
3.763658605748787522e-05 4.566842835629358888e-05 5.128728298586793244e-05 1.004085183143615723e+00
2.950985799543559551e-05 6.128824315965175629e-05 4.570030432660132647e-05 1.004082918167114258e+00
5.299546319292858243e-05 3.581454438972286880e-05 5.324423182173632085e-05 1.004077553749084473e+00
3.133904101559892297e-05 4.938105848850682378e-05 5.485374640556983650e-05 1.004083991050720215e+00
2.747353755694348365e-05 3.455642217886634171e-05 4.624163557309657335e-05 1.004111409187316895e+00
4.205646109767258167e-05 5.090730701340362430e-05 5.323827281245030463e-05 1.004073023796081543e+00
3.914624903700314462e-05 2.979742384923156351e-05 3.282769830548204482e-05 1.004117846488952637e+00
4.426755185704678297e-05 3.451823431532830000e-05 4.239423287799581885e-05 1.004098415374755859e+00
5.252035407465882599e-05 6.565564399352297187e-05 4.531078229774720967e-05 1.004055500030517578e+00
2.853199475794099271e-05 2.711700835789088160e-05 4.188279854133725166e-05 1.004121899604797363e+00
2.700111690501216799e-05 3.377296889084391296e-05 3.818504774244502187e-05 1.004120469093322754e+00
4.131978494115173817e-05 3.448385177762247622e-05 3.370732883922755718e-05 1.004109859466552734e+00
4.341179010225459933e-05 3.569592445273883641e-05 4.328674913267605007e-05 1.004097223281860352e+00
2.802131530188489705e-05 4.506286859395913780e-05 4.433328285813331604e-05 1.004101753234863281e+00
3.181760257575660944e-05 4.981349047739058733e-05 3.283553814981132746e-05 1.004105091094970703e+00
3.721717439475469291e-05 3.686353011289611459e-05 5.477658851305022836e-05 1.004090666770935059e+00
5.795390097773633897e-05 3.180396015523001552e-05 4.932076626573689282e-05 1.004080295562744141e+00
3.879392897943034768e-05 3.998310421593487263e-05 4.799520320375449955e-05 1.004092931747436523e+00
3.407912663533352315e-05 4.451822314877063036e-05 5.619587682303972542e-05 1.004084825515747070e+00
4.717898991657420993e-05 4.306268237996846437e-05 4.490128048928454518e-05 1.004084229469299316e+00
4.190115578239783645e-05 4.833607454202137887e-05 4.587497824104502797e-05 1.004083395004272461e+00
7.431530684698373079e-05 3.875029869959689677e-05 5.563781814998947084e-05 1.004050612449645996e+00
4.309982614358887076e-05 3.464255496510304511e-05 6.286830466706305742e-05 1.004078507423400879e+00
6.521015893667936325e-05 4.426887244335375726e-05 3.483348336885683239e-05 1.004075288772583008e+00
7.763301255181431770e-05 4.832289778278209269e-05 8.549172343919053674e-05 1.004008173942565918e+00
3.551867266651242971e-04 2.904275606852024794e-05 4.233143044984899461e-05 1.003792762756347656e+00
9.210885764332488179e-05 3.266006388003006577e-05 5.088060424895957112e-05 1.004043817520141602e+00
4.317399361752904952e-05 4.379346864880062640e-05 5.138733467902056873e-05 1.004081249237060547e+00
6.115424912422895432e-05 5.299063559505157173e-05 6.340226536849513650e-05 1.004041671752929688e+00
9.174158913083374500e-05 4.154292037128470838e-05 5.452370533021166921e-05 1.004031538963317871e+00
7.136829663068056107e-05 3.767816451727412641e-05 4.719250864582136273e-05 1.004063129425048828e+00
1.593067136127501726e-04 3.054065018659457564e-05 4.890103082288987935e-05 1.003980636596679688e+00
8.687419904163107276e-05 5.150285869603976607e-05 4.733895548270083964e-05 1.004033684730529785e+00
9.067081555258482695e-05 4.035618621855974197e-05 4.881994391325861216e-05 1.004039645195007324e+00
8.001206151675432920e-05 4.974209514330141246e-05 4.114506737096235156e-05 1.004048585891723633e+00
3.856450784951448441e-04 5.099443660583347082e-05 6.796356319682672620e-05 1.003714799880981445e+00
4.967672284692525864e-04 2.717526331252884120e-05 4.776357309310697019e-05 1.003648042678833008e+00
1.897937472676858306e-04 4.557821739581413567e-05 6.232424493646249175e-05 1.003921508789062500e+00
8.658387378090992570e-05 3.198120975866913795e-05 6.910098454682156444e-05 1.004032015800476074e+00
1.750982948578894138e-03 4.181640179012902081e-05 6.989246321609243751e-05 1.002356886863708496e+00
1.114896149374544621e-03 2.382754610152915120e-05 4.414980503497645259e-05 1.003036379814147949e+00
7.773438701406121254e-04 3.204443055437877774e-05 7.943953096400946379e-05 1.003330826759338379e+00
1.197894103825092316e-03 4.044232991873286664e-05 5.792779847979545593e-05 1.002923369407653809e+00
2.578656654804944992e-03 2.530180427129380405e-05 5.580130891758017242e-05 1.001559257507324219e+00
2.253563608974218369e-03 2.882219087041448802e-05 5.109608900966122746e-05 1.001885771751403809e+00
7.938112132251262665e-03 3.641684088506735861e-05 5.840289304614998400e-05 9.961864352226257324e-01
1.255426835268735886e-02 3.279431984992697835e-05 5.387255805544555187e-05 9.915783405303955078e-01
2.233651839196681976e-02 2.981938814627937973e-05 7.727277261437848210e-05 9.817758202552795410e-01
1.909285597503185272e-02 3.019318319275043905e-05 5.725610026274807751e-05 9.850393533706665039e-01
2.428864873945713043e-02 2.982304977194871753e-05 5.393309402279555798e-05 9.798470735549926758e-01
1.006242111325263977e-01 1.336377226834883913e-05 4.080990402144379914e-05 9.035411477088928223e-01
1.293093115091323853e-01 2.139842217729892582e-05 8.709342364454641938e-05 8.748016357421875000e-01
2.152278423309326172e-01 1.082135258911876008e-05 3.501152968965470791e-05 7.889458537101745605e-01
3.020684123039245605e-01 1.041797531797783449e-05 3.237147393519990146e-05 7.021080851554870605e-01
5.047719478607177734e-01 5.550440619117580354e-06 2.170671541534829885e-05 4.994203746318817139e-01
6.047589182853698730e-01 3.481676003502798267e-06 1.207247441925574094e-05 3.994447588920593262e-01
7.838191390037536621e-01 1.702123086033680011e-06 8.097746103885583580e-06 2.203904241323471069e-01
8.844206929206848145e-01 9.828617066887090914e-07 4.340169198258081451e-06 1.197931244969367981e-01
9.235121011734008789e-01 1.842559669285037671e-07 3.433833626331761479e-06 8.070392161607742310e-02
9.601224660873413086e-01 9.605506079424230848e-08 8.252931706920207944e-07 4.409589990973472595e-02
9.849342703819274902e-01 4.540897435845181462e-08 4.528946817572432337e-07 1.928441599011421204e-02
9.952880144119262695e-01 1.687683437445741674e-09 2.392405065165803535e-07 8.931124582886695862e-03
9.983319640159606934e-01 3.195775866160488476e-09 2.669952152700716397e-07 5.887104198336601257e-03
1.001038074493408203e+00 3.332642772857496993e-10 3.232041123624185275e-08 3.181288484483957291e-03
1.003496885299682617e+00 2.648400942995010610e-11 5.072843478615141066e-09 7.227099267765879631e-04
1.003339529037475586e+00 6.793553913864158744e-11 1.000156490960080191e-08 8.797271293587982655e-04
1.003826379776000977e+00 3.419596897313859074e-11 8.178898447397386917e-09 3.933232801500707865e-04
1.003972411155700684e+00 9.441409459798322246e-12 2.511142405126065569e-09 2.469722821842879057e-04
1.003967165946960449e+00 7.094315412903284823e-11 4.375682927104662667e-09 2.520937996450811625e-04
1.004078388214111328e+00 8.583956462304698221e-12 2.324681558363295153e-09 1.408502430422231555e-04
1.004117131233215332e+00 4.706288744132924862e-12 1.381018299717595710e-09 1.020749186864122748e-04
1.004119515419006348e+00 6.117263379873394413e-12 1.249497727506820866e-09 9.989395039156079292e-05
1.004149675369262695e+00 4.809959722185119801e-12 1.045952324751908691e-09 6.924880290171131492e-05
1.004168748855590820e+00 1.710276560130952195e-12 6.310026390288214770e-10 5.058299575466662645e-05
1.004176497459411621e+00 2.249095441136939044e-12 6.551232334395251655e-10 4.304996036808006465e-05
1.004185795783996582e+00 1.306524983687995523e-12 5.358637422681056250e-10 3.343480420880950987e-05
1.004188060760498047e+00 1.268324421183075756e-12 4.654208962673322958e-10 3.176408426952548325e-05
1.004190206527709961e+00 1.173458465814070095e-12 4.147672760801413006e-10 2.858023617591243237e-05
1.004197716712951660e+00 7.616570677111689225e-13 3.200248122059434763e-10 2.184269578719977289e-05
1.004200339317321777e+00 6.177570933095510863e-13 2.571778900950505431e-10 1.888847327791154385e-05
1.004202246665954590e+00 6.174512940868015498e-13 2.383914454728852661e-10 1.692718615231569856e-05
1.004204154014587402e+00 4.666140520845352135e-13 2.298303353187591824e-10 1.467373203922761604e-05
1.004205942153930664e+00 4.126184257550319368e-13 2.026501605412178719e-10 1.333084401267115027e-05
1.004207611083984375e+00 3.642643099047854216e-13 1.829233431394072795e-10 1.139879714173730463e-05
1.004207730293273926e+00 3.328381678342068328e-13 1.706680352597800265e-10 1.128705116570927203e-05
1.004208803176879883e+00 3.093995329037091402e-13 1.584367498308481004e-10 1.035618879541289061e-05
1.004210948944091797e+00 2.974567749232381875e-13 1.430016521863919365e-10 8.842254828778095543e-06
1.004211068153381348e+00 2.673041367244610722e-13 1.396458088054330915e-10 8.090896699286531657e-06
1.004212141036987305e+00 2.421495350155705717e-13 1.319096221141791148e-10 7.288457254617242143e-06
1.004213571548461914e+00 2.380965975594395712e-13 1.170524233096159605e-10 6.559903795277932659e-06
1.004213809967041016e+00 2.099296349819881891e-13 1.055898007917832615e-10 6.272414793784264475e-06
1.004214882850646973e+00 1.876121193079491323e-13 1.057591722530837330e-10 5.598828465736005455e-06
1.004214525222778320e+00 1.781570903173004816e-13 9.805851269861776132e-11 5.558513294090516865e-06
1.004215598106384277e+00 1.724057230529166262e-13 9.143241025411086298e-11 5.207012691244017333e-06
1.004215955734252930e+00 1.558758276534039089e-13 8.591557326687038199e-11 4.605790763889672235e-06
1.004216432571411133e+00 1.439086344664705641e-13 7.822850006666826062e-11 4.285747309040743858e-06
1.004216790199279785e+00 1.508621922047606589e-13 8.498696191239218933e-11 4.247709057381143793e-06
1.004216670989990234e+00 1.442066951962139854e-13 7.647333460925054283e-11 3.973576895077712834e-06
1.004217505455017090e+00 1.262975997656096139e-13 7.583770417207702508e-11 3.735981181307579391e-06
1.004217624664306641e+00 1.132810886110904858e-13 6.636945160121143772e-11 3.382739123480860144e-06
1.004217743873596191e+00 1.139573326111240070e-13 6.950894027024645538e-11 3.305173095213831402e-06
1.004217982292175293e+00 1.137389878461125825e-13 6.760754456269779666e-11 3.116031393801677041e-06
1.004218101501464844e+00 1.095814316566003088e-13 6.477373498681160413e-11 3.131282028334680945e-06
1.004218459129333496e+00 1.098193327182979406e-13 6.288874282445178210e-11 2.953689545392990112e-06
1.004218459129333496e+00 1.062730903712144626e-13 6.377498529275271721e-11 2.891523308790056035e-06
1.004218578338623047e+00 1.023657206092667971e-13 5.975142602920868740e-11 2.726295406318968162e-06
1.004218697547912598e+00 9.966943177903975215e-14 5.968137789524874393e-11 2.597662160042091273e-06
1.004218578338623047e+00 9.334618174998768336e-14 5.683932144395775765e-11 2.622525698825484142e-06
1.004218935966491699e+00 9.459407812172776486e-14 5.691303331389896414e-11 2.472318328727851622e-06
1.004218697547912598e+00 9.203064471521166245e-14 5.431770658259615914e-11 2.433667077639256604e-06
1.004218816757202148e+00 8.933550784979288339e-14 5.469328115403904178e-11 2.337282694497844204e-06
1.004219055175781250e+00 8.770217760573420507e-14 5.318374560192573597e-11 2.282799187014461495e-06
1.004219055175781250e+00 8.343134261798793028e-14 5.077801720765329208e-11 2.196070909121772274e-06
1.004219293594360352e+00 8.371123618507864128e-14 5.018663262745803877e-11 2.118777956638950855e-06
1.004219055175781250e+00 8.422073666724746999e-14 5.148700216173196509e-11 2.125774699379689991e-06
1.004219293594360352e+00 8.035945227389401646e-14 4.919866597452582369e-11 2.012511231441749260e-06
1.004219174385070801e+00 8.109691981535507854e-14 4.974309852912028873e-11 2.052843228739220649e-06
1.004219174385070801e+00 7.949669161887509827e-14 4.855176330420540864e-11 1.944479436133406125e-06
1.004219293594360352e+00 7.952017137217298748e-14 4.895059357856723636e-11 1.995615320993238129e-06
1.004219412803649902e+00 7.806240734115760249e-14 4.740314044071602950e-11 1.882932224361866247e-06
1.004219293594360352e+00 7.795761242492330045e-14 4.729437674821923565e-11 1.871243398454680573e-06
1.004219412803649902e+00 7.706019118170273630e-14 4.637258285700163185e-11 1.837882791733136401e-06
1.004219412803649902e+00 7.572578902912546761e-14 4.611236739671120688e-11 1.828969402595248539e-06
1.004219412803649902e+00 7.500580424769573429e-14 4.575117021343722001e-11 1.778774048943887465e-06
1.004219412803649902e+00 7.542320853157549743e-14 4.584184074007957577e-11 1.791871682144119404e-06
1.004219293594360352e+00 7.640520432051350896e-14 4.674195058784746948e-11 1.794051286196918227e-06
1.004219412803649902e+00 7.390548134415808601e-14 4.541482814812702884e-11 1.757830318638298195e-06
1.004219412803649902e+00 7.428110318681568902e-14 4.527019731304093852e-11 1.745422423482523300e-06
1.004219412803649902e+00 7.404741696106359461e-14 4.528742311715738822e-11 1.735410819492244627e-06
1.004219412803649902e+00 7.492950351980706691e-14 4.572601325358860436e-11 1.746283828651939984e-06
1.004219412803649902e+00 7.417321151812622526e-14 4.512226703390354032e-11 1.740678385431237984e-06
1.004219412803649902e+00 7.397468732408055136e-14 4.515541759952945711e-11 1.725685251585673541e-06
1.004219412803649902e+00 7.382266185070734954e-14 4.516783475017049909e-11 1.726135565149888862e-06
1.004219412803649902e+00 7.382253987796294492e-14 4.508202144926087840e-11 1.719582883197290357e-06
1.004219412803649902e+00 7.381173851381955808e-14 4.504669207094913475e-11 1.722463593978318386e-06
1.004219412803649902e+00 7.409596888960021110e-14 4.525537236621524073e-11 1.722563069961324800e-06
1.004219412803649902e+00 7.462036359911355943e-14 4.570229611422504945e-11 1.732570467538607772e-06
1.004219412803649902e+00 7.431851493803001696e-14 4.523292157498914889e-11 1.735341356834396720e-06
1.004219412803649902e+00 7.397072998615097927e-14 4.540329570645873503e-11 1.726366576804139186e-06
1.004219412803649902e+00 7.409100866466108992e-14 4.546298060237319305e-11 1.733517819957341999e-06
1.004219412803649902e+00 7.398947990747140047e-14 4.513625237456686534e-11 1.721933358567184769e-06
1.004219412803649902e+00 7.423015246097244835e-14 4.539938910919083526e-11 1.735414457471051719e-06
1.004219412803649902e+00 7.431449661372824256e-14 4.528345406984435328e-11 1.726109871924563777e-06
1.004219412803649902e+00 7.418876981930139225e-14 4.524002700234674990e-11 1.724533603919553570e-06
1.004219412803649902e+00 7.388676530415555499e-14 4.517703225404012812e-11 1.718788439575291704e-06
1.004219412803649902e+00 7.376313915143789535e-14 4.514705970182220085e-11 1.723194486658030655e-06
1.004219412803649902e+00 7.409761552164967346e-14 4.508504333755603000e-11 1.726622599562688265e-06
1.004219412803649902e+00 7.420415193762353034e-14 4.519246435408241780e-11 1.729464997879404109e-06
1.004219412803649902e+00 7.383182335906485205e-14 4.508601825214952896e-11 1.717456143524032086e-06
1.004219412803649902e+00 7.408275517562304402e-14 4.517057214381559049e-11 1.719310148473596200e-06
1.004219412803649902e+00 7.380745591523824034e-14 4.514467966121316067e-11 1.721484295558184385e-06
1.004219412803649902e+00 7.394531222146977223e-14 4.523941984913015801e-11 1.727662606754165608e-06
1.004219412803649902e+00 7.384685311168093236e-14 4.508952586301795407e-11 1.714822133180859964e-06
1.004219412803649902e+00 7.378293261734933384e-14 4.501577235971332414e-11 1.724387971080432180e-06
1.004219412803649902e+00 7.368044163073156350e-14 4.507399661846100969e-11 1.722275897009239998e-06
1.004219412803649902e+00 7.400387269131114554e-14 4.515566739970999777e-11 1.725373181216127705e-06
1.004219412803649902e+00 7.382928903648666719e-14 4.516801169196504873e-11 1.719652686915651429e-06
1.004219412803649902e+00 7.457816102954956117e-14 4.577677820138958964e-11 1.735109890432795510e-06
1.004219412803649902e+00 7.392389245229960548e-14 4.522614574509198349e-11 1.730411781863949727e-06
1.004219412803649902e+00 7.464162751422143138e-14 4.556280699952175439e-11 1.733690396577003412e-06
1.004219412803649902e+00 7.394977100290411887e-14 4.506721038022298842e-11 1.716647034299967345e-06
1.004219412803649902e+00 7.397455857507256871e-14 4.510456244610772103e-11 1.722659021652361844e-06
1.004219412803649902e+00 7.394610504430840225e-14 4.514645601805256092e-11 1.730886992845626082e-06
1.004219412803649902e+00 7.462699078489287707e-14 4.548947676874526280e-11 1.731296947582450230e-06
1.004219412803649902e+00 7.389331117477193622e-14 4.512266948974996694e-11 1.717781628940429073e-06
1.004219412803649902e+00 7.414662145984601826e-14 4.519258925417268813e-11 1.733894919198064599e-06
1.004219412803649902e+00 7.401629358244968260e-14 4.517296953165939044e-11 1.725909669403336011e-06
1.004219412803649902e+00 7.402452674269699440e-14 4.532749176000550051e-11 1.725184347378672101e-06
1.004219412803649902e+00 7.368723822310033200e-14 4.517002397119718182e-11 1.729356199575704522e-06
1.004219412803649902e+00 7.366850185430706688e-14 4.497493696908883010e-11 1.708153945401136298e-06
