2.526487223803997040e-04 2.674876304809004068e-04 2.188231010222807527e-04 9.992607235908508301e-01
2.925517328549176455e-04 3.548356180544942617e-04 1.987847208511084318e-04 9.991538524627685547e-01
2.873599005397409201e-04 3.680300433188676834e-04 2.298474864801391959e-04 9.991142749786376953e-01
2.919453545473515987e-04 3.627520345617085695e-04 2.213787956861779094e-04 9.991236329078674316e-01
2.594118705019354820e-04 2.753441513050347567e-04 2.080289850709959865e-04 9.992572069168090820e-01
2.752428408712148666e-04 3.176072495989501476e-04 2.082346763927489519e-04 9.991987347602844238e-01
2.649250964168459177e-04 3.516947326716035604e-04 2.017467486439272761e-04 9.991819262504577637e-01
2.756595786195248365e-04 3.271372988820075989e-04 2.171372907469049096e-04 9.991798996925354004e-01
3.046942874789237976e-04 4.159622767474502325e-04 2.179585280828177929e-04 9.990616440773010254e-01
3.018692659679800272e-04 3.759343235287815332e-04 2.103555743815377355e-04 9.991120100021362305e-01
2.740268537309020758e-04 3.213784366380423307e-04 1.885220262920483947e-04 9.992158412933349609e-01
2.453292545396834612e-04 2.722299832385033369e-04 1.923392701428383589e-04 9.992900490760803223e-01
3.077026922255754471e-04 2.847654104698449373e-04 2.331489667994901538e-04 9.991742372512817383e-01
3.097844892181456089e-04 3.087767399847507477e-04 2.304093504790216684e-04 9.991508722305297852e-01
2.891703334171324968e-04 2.707871026359498501e-04 2.128496998921036720e-04 9.992271065711975098e-01
2.687341766431927681e-04 3.181245992891490459e-04 1.960104127647355199e-04 9.992171525955200195e-01
2.709886175580322742e-04 2.669691457413136959e-04 2.299276675330474973e-04 9.992319345474243164e-01
2.515901869628578424e-04 2.849391603376716375e-04 1.890153362182900310e-04 9.992746710777282715e-01
2.544525195844471455e-04 2.840698580257594585e-04 1.787567744031548500e-04 9.992826581001281738e-01
3.256105992477387190e-04 3.254644980188459158e-04 2.377343917032703757e-04 9.991113543510437012e-01
3.060405724681913853e-04 3.400956338737159967e-04 2.249489334644749761e-04 9.991286396980285645e-01
2.873413322959095240e-04 3.224818501621484756e-04 2.367164561292156577e-04 9.991534352302551270e-01
2.825312549248337746e-04 2.842852845788002014e-04 1.993340702028945088e-04 9.992336630821228027e-01
2.885636058636009693e-04 2.924560685642063618e-04 2.248450764454901218e-04 9.991937279701232910e-01
2.733581932261586189e-04 2.862117835320532322e-04 2.150127547793090343e-04 9.992251396179199219e-01
2.511594502720981836e-04 2.818825887516140938e-04 2.086196909658610821e-04 9.992580413818359375e-01
3.101463371422141790e-04 3.800798440352082253e-04 2.383140672463923693e-04 9.990713596343994141e-01
2.856903884094208479e-04 3.126559895463287830e-04 2.494177024345844984e-04 9.991522431373596191e-01
2.869997406378388405e-04 2.981100114993751049e-04 2.090627385769039392e-04 9.992060661315917969e-01
2.979077980853617191e-04 3.347427118569612503e-04 2.300227934028953314e-04 9.991373419761657715e-01
3.275874478276818991e-04 3.539860190358012915e-04 2.496413071639835835e-04 9.990688562393188477e-01
2.681739279069006443e-04 3.385971358511596918e-04 2.000038512051105499e-04 9.991936087608337402e-01
2.961191639769822359e-04 2.871842880267649889e-04 2.302522188983857632e-04 9.991863965988159180e-01
2.857316867448389530e-04 3.146886592730879784e-04 1.998551160795614123e-04 9.991998672485351562e-01
2.769101702142506838e-04 3.218988713342696428e-04 2.297850878676399589e-04 9.991713166236877441e-01
2.432190958643332124e-04 3.130986005999147892e-04 2.237765584141016006e-04 9.992199540138244629e-01
2.738374168984591961e-04 3.211472649127244949e-04 2.108201151713728905e-04 9.991943836212158203e-01
2.485121949575841427e-04 2.890351752284914255e-04 2.110675995936617255e-04 9.992514252662658691e-01
2.721625205595046282e-04 2.750972053036093712e-04 2.319362974958494306e-04 9.992209076881408691e-01
2.957750111818313599e-04 2.642573381308466196e-04 2.036859659710898995e-04 9.992363452911376953e-01
2.865979040507227182e-04 3.076290595345199108e-04 1.896482135634869337e-04 9.992162585258483887e-01
3.233216120861470699e-04 3.245703119318932295e-04 2.475084911566227674e-04 9.991049766540527344e-01
2.881828986573964357e-04 3.095380670856684446e-04 2.292654535267502069e-04 9.991728067398071289e-01
3.491845563985407352e-04 2.984161546919494867e-04 2.118103002430871129e-04 9.991406798362731934e-01
2.619377628434449434e-04 3.223588282708078623e-04 2.046373847406357527e-04 9.992109537124633789e-01
2.491527411621063948e-04 3.109841782134026289e-04 1.962462265510112047e-04 9.992439150810241699e-01
2.974014205392450094e-04 3.308657032903283834e-04 2.230629761470481753e-04 9.991487860679626465e-01
2.733029541559517384e-04 2.802370581775903702e-04 2.040744439000263810e-04 9.992421865463256836e-01
2.516359672881662846e-04 3.121732734143733978e-04 2.064642176264896989e-04 9.992297887802124023e-01
2.957903197966516018e-04 3.106659278273582458e-04 2.245842333650216460e-04 9.991690516471862793e-01
2.715973532758653164e-04 3.536379663273692131e-04 2.238224551547318697e-04 9.991512894630432129e-01
2.605805057100951672e-04 2.709561376832425594e-04 1.823299098759889603e-04 9.992862939834594727e-01
2.781057555694133043e-04 3.004272293765097857e-04 2.354764146730303764e-04 9.991858005523681641e-01
3.132091078441590071e-04 3.365040465723723173e-04 2.399312652414664626e-04 9.991106390953063965e-01
3.062080359086394310e-04 2.977036056108772755e-04 2.089321933453902602e-04 9.991869926452636719e-01
2.885459980461746454e-04 3.293621120974421501e-04 2.263855567434802651e-04 9.991557598114013672e-01
3.436976985540241003e-04 2.694887225516140461e-04 2.228762314189225435e-04 9.991638064384460449e-01
2.839319058693945408e-04 3.186095564160495996e-04 2.044499706244096160e-04 9.991928339004516602e-01
2.529949415475130081e-04 2.805338008329272270e-04 2.028148446697741747e-04 9.992634654045104980e-01
2.904630964621901512e-04 2.767448895610868931e-04 2.319763880223035812e-04 9.992008805274963379e-01
2.684603387024253607e-04 3.042004827875643969e-04 1.961651869351044297e-04 9.992312788963317871e-01
2.990156353916972876e-04 3.725757123902440071e-04 2.267876552650704980e-04 9.991019368171691895e-01
2.563618472777307034e-04 2.600993902888149023e-04 1.869940169854089618e-04 9.992963671684265137e-01
3.662013041321188211e-04 3.601631033234298229e-04 2.369199355598539114e-04 9.990369081497192383e-01
2.605573681648820639e-04 3.353715874254703522e-04 1.916836772579699755e-04 9.992122650146484375e-01
3.072769613936543465e-04 3.309994353912770748e-04 2.169991930713877082e-04 9.991447329521179199e-01
3.035046393051743507e-04 2.985301834996789694e-04 2.105386665789410472e-04 9.991874098777770996e-01
2.800155780278146267e-04 3.213113814126700163e-04 2.273726859129965305e-04 9.991713166236877441e-01
2.994101378135383129e-04 2.949322515632957220e-04 1.845385559136047959e-04 9.992212057113647461e-01
3.033320535905659199e-04 3.014500834979116917e-04 2.064190048258751631e-04 9.991886019706726074e-01
3.069708473049104214e-04 2.773372398223727942e-04 2.242910268250852823e-04 9.991915225982666016e-01
3.103877534158527851e-04 2.738926559686660767e-04 2.021716500166803598e-04 9.992132186889648438e-01
2.883648849092423916e-04 2.879815292544662952e-04 1.951126323547214270e-04 9.992283582687377930e-01
3.151747514493763447e-04 2.989189815707504749e-04 2.194015251006931067e-04 9.991667866706848145e-01
2.453022170811891556e-04 3.238280187360942364e-04 2.322375221410766244e-04 9.991984367370605469e-01
2.737147151492536068e-04 2.993932575918734074e-04 1.948502031154930592e-04 9.992315173149108887e-01
3.210219729226082563e-04 4.022039065603166819e-04 2.333730662940070033e-04 9.990435242652893066e-01
2.792090235743671656e-04 3.269812441430985928e-04 2.052418421953916550e-04 9.991885423660278320e-01
2.460959367454051971e-04 2.742568904068320990e-04 2.427744475426152349e-04 9.992365837097167969e-01
3.136181330773979425e-04 3.357147797942161560e-04 2.181137242587283254e-04 9.991320371627807617e-01
3.530919202603399754e-04 3.317151276860386133e-04 2.356986224185675383e-04 9.990795254707336426e-01
2.816700143739581108e-04 3.087340155616402626e-04 1.987229479709640145e-04 9.992110133171081543e-01
2.699209144338965416e-04 2.993746602442115545e-04 2.185791818192228675e-04 9.992119073867797852e-01
3.033052489627152681e-04 2.698012103792279959e-04 1.980676752282306552e-04 9.992287158966064453e-01
2.684803912416100502e-04 2.656867727637290955e-04 2.049866598099470139e-04 9.992609620094299316e-01
2.891800832003355026e-04 3.057882131543010473e-04 2.002079854719340801e-04 9.992047548294067383e-01
2.952412178274244070e-04 2.703153295442461967e-04 1.782877952791750431e-04 9.992560744285583496e-01
3.097592561971396208e-04 3.203780506737530231e-04 1.901682408060878515e-04 9.991798400878906250e-01
3.168566618114709854e-04 3.011058433912694454e-04 2.431051252642646432e-04 9.991389513015747070e-01
2.775255125015974045e-04 3.422748413868248463e-04 2.016740618273615837e-04 9.991788268089294434e-01
2.818289794959127903e-04 3.706275601871311665e-04 2.188250800827518106e-04 9.991285800933837891e-01
2.437206276226788759e-04 2.874461060855537653e-04 1.895914319902658463e-04 9.992792606353759766e-01
2.960514102596789598e-04 3.366492746863514185e-04 2.239057648694142699e-04 9.991437196731567383e-01
3.358144313097000122e-04 2.995787654072046280e-04 2.044655993813648820e-04 9.991602301597595215e-01
3.802500141318887472e-04 3.641553630586713552e-04 2.603040193207561970e-04 9.989953637123107910e-01
3.016065747942775488e-04 2.948145265690982342e-04 2.119788405252620578e-04 9.991916418075561523e-01
2.659689926076680422e-04 3.259054792579263449e-04 2.036147197941318154e-04 9.992043972015380859e-01
3.095980209764093161e-04 2.482943818904459476e-04 1.895408931886777282e-04 9.992526769638061523e-01
3.166011883877217770e-04 3.329388564452528954e-04 2.254430582979694009e-04 9.991251230239868164e-01
2.999055723194032907e-04 2.923288557212799788e-04 2.123968442901968956e-04 9.991949200630187988e-01
3.849490894936025143e-04 2.663033665157854557e-04 1.700919965514913201e-04 9.991788268089294434e-01
3.114204155281186104e-04 3.028016944881528616e-04 2.101261925417929888e-04 9.991757273674011230e-01
3.059126320295035839e-04 2.966022584587335587e-04 2.020511310547590256e-04 9.991959929466247559e-01
2.832093450706452131e-04 3.208039270248264074e-04 1.953923783730715513e-04 9.992006421089172363e-01
3.275121853221207857e-04 3.335875808261334896e-04 2.348347479710355401e-04 9.991038441658020020e-01
3.050701343454420567e-04 2.899093669839203358e-04 2.090780762955546379e-04 9.991956949234008789e-01
2.617397694848477840e-04 2.748419647105038166e-04 1.900612842291593552e-04 9.992737770080566406e-01
3.011067456100136042e-04 3.381880815140902996e-04 2.144074533134698868e-04 9.991465806961059570e-01
2.953174989670515060e-04 2.810143050737679005e-04 1.934420288307592273e-04 9.992299675941467285e-01
3.186897374689579010e-04 3.424741444177925587e-04 2.388320572208613157e-04 9.991001486778259277e-01
3.097199078183621168e-04 3.226113913115113974e-04 2.380793011980131269e-04 9.991294741630554199e-01
3.190206189174205065e-04 3.127917589154094458e-04 2.060684637399390340e-04 9.991620182991027832e-01
3.055380075238645077e-04 3.500109305605292320e-04 1.998709194594994187e-04 9.991444945335388184e-01
3.284521808382123709e-04 3.350717597641050816e-04 1.890446437755599618e-04 9.991475343704223633e-01
3.276178322266787291e-04 4.114123585168272257e-04 2.194265107391402125e-04 9.990416765213012695e-01
3.448856587056070566e-04 3.382869181223213673e-04 2.264952345285564661e-04 9.990901350975036621e-01
2.688501263037323952e-04 2.874471538234502077e-04 2.018864179262891412e-04 9.992418289184570312e-01
3.044627374038100243e-04 3.083129122387617826e-04 2.017016377067193389e-04 9.991855621337890625e-01
2.878633968066424131e-04 3.060221206396818161e-04 1.819676544982939959e-04 9.992244243621826172e-01
2.828939468599855900e-04 3.099560854025185108e-04 2.115836832672357559e-04 9.991955757141113281e-01
3.293552144896239042e-04 3.364317235536873341e-04 2.120980643667280674e-04 9.991223216056823730e-01
3.281648096162825823e-04 3.122253401670604944e-04 1.946296251844614744e-04 9.991648793220520020e-01
3.354977816343307495e-04 3.753552446141839027e-04 2.262851339764893055e-04 9.990633130073547363e-01
2.579732099547982216e-04 2.796656626742333174e-04 1.972570462385192513e-04 9.992650151252746582e-01
3.346409939695149660e-04 3.134394646622240543e-04 2.203470212407410145e-04 9.991315007209777832e-01
2.960236161015927792e-04 2.700905315577983856e-04 1.869704428827390075e-04 9.992471337318420410e-01
3.051644889637827873e-04 2.948557666968554258e-04 1.904003875097259879e-04 9.992091059684753418e-01
3.409276541788130999e-04 3.508105000946670771e-04 2.064654545392841101e-04 9.991018176078796387e-01
3.335431101731956005e-04 3.283370751887559891e-04 2.023764536716043949e-04 9.991356134414672852e-01
3.270821180194616318e-04 2.938644320238381624e-04 2.044414432020857930e-04 9.991748929023742676e-01
3.532526607159525156e-04 4.077625053469091654e-04 2.301644126418977976e-04 9.990085959434509277e-01
2.792095765471458435e-04 3.158079343847930431e-04 1.768534129951149225e-04 9.992279410362243652e-01
3.161300846841186285e-04 3.579831391107290983e-04 2.094857627525925636e-04 9.991164803504943848e-01
2.583021414466202259e-04 2.843653783202171326e-04 1.761777675710618496e-04 9.992813467979431152e-01
3.313857305329293013e-04 3.727733565028756857e-04 2.464513236191123724e-04 9.990494847297668457e-01
3.221264341846108437e-04 3.630030550993978977e-04 2.224181080237030983e-04 9.990919232368469238e-01
3.605539968702942133e-04 3.809450718108564615e-04 2.256635052617639303e-04 9.990327358245849609e-01
3.567134845070540905e-04 3.179709601681679487e-04 2.123587910318747163e-04 9.991124272346496582e-01
3.054214466828852892e-04 3.787481982726603746e-04 2.353068994125351310e-04 9.990800619125366211e-01
3.393248480278998613e-04 3.504151245579123497e-04 2.120549615938216448e-04 9.990982413291931152e-01
3.348519967403262854e-04 3.224566462449729443e-04 2.262704801978543401e-04 9.991161227226257324e-01
2.937013632617890835e-04 3.043462929781526327e-04 1.933798484969884157e-04 9.992085099220275879e-01
3.470965893939137459e-04 3.435994731262326241e-04 2.188999205827713013e-04 9.990903735160827637e-01
2.726516104303300381e-04 2.843385154847055674e-04 1.821934711188077927e-04 9.992606639862060547e-01
4.028170951642096043e-04 3.557096060831099749e-04 2.269822580274194479e-04 9.990141391754150391e-01
3.162487118970602751e-04 3.455693658906966448e-04 1.898832560982555151e-04 9.991484284400939941e-01
3.621623036451637745e-04 3.824917657766491175e-04 2.388144057476893067e-04 9.990167617797851562e-01
3.268121508881449699e-04 3.695978084579110146e-04 2.363454259466379881e-04 9.990673661231994629e-01
3.575518785510212183e-04 3.353133506607264280e-04 2.172822860302403569e-04 9.990896582603454590e-01
4.016823950223624706e-04 3.996771993115544319e-04 2.260547335026785731e-04 9.989727139472961426e-01
3.766051668208092451e-04 3.435949620325118303e-04 2.253382408525794744e-04 9.990545511245727539e-01
3.395808162167668343e-04 3.174417361151427031e-04 2.011820470215752721e-04 9.991418123245239258e-01
3.110434045083820820e-04 2.943211293313652277e-04 1.861506170826032758e-04 9.992086887359619141e-01
3.928599180653691292e-04 3.875265247188508511e-04 2.259462489746510983e-04 9.989938735961914062e-01
3.464905021246522665e-04 3.755174402613192797e-04 1.896322355605661869e-04 9.990883469581604004e-01
3.221774240955710411e-04 3.607751859817653894e-04 1.984697591979056597e-04 9.991182088851928711e-01
3.607972466852515936e-04 4.018924373667687178e-04 2.339145867154002190e-04 9.990034699440002441e-01
3.637997142504900694e-04 3.648715501185506582e-04 2.108551416313275695e-04 9.990600943565368652e-01
3.998163156211376190e-04 3.620104689616709948e-04 2.053667703876271844e-04 9.990326762199401855e-01
3.994112776126712561e-04 3.490196831990033388e-04 1.935652107931673527e-04 9.990582466125488281e-01
3.651199804153293371e-04 4.264556046109646559e-04 2.280110347783192992e-04 9.989804029464721680e-01
3.309702733531594276e-04 3.324509016238152981e-04 2.060692204395309091e-04 9.991304278373718262e-01
3.221909864805638790e-04 3.521703474689275026e-04 2.262573834741488099e-04 9.990990757942199707e-01
3.355428343638777733e-04 3.259096411056816578e-04 1.949644210981205106e-04 9.991434216499328613e-01
4.433962749317288399e-04 5.194222321733832359e-04 2.155217371182516217e-04 9.988214969635009766e-01
4.081192601006478071e-04 3.493705589789897203e-04 1.997953513637185097e-04 9.990424513816833496e-01
4.139015218243002892e-04 3.606658719945698977e-04 1.961802918231114745e-04 9.990291595458984375e-01
3.609600535128265619e-04 3.278278454672545195e-04 1.994506164919584990e-04 9.991118907928466797e-01
3.484624321572482586e-04 4.006686795037239790e-04 1.942311791935935616e-04 9.990568161010742188e-01
4.035888705402612686e-04 3.525242500472813845e-04 2.070263290079310536e-04 9.990366697311401367e-01
3.551521513145416975e-04 4.205460427328944206e-04 2.223544142907485366e-04 9.990019202232360840e-01
3.692619793582707644e-04 4.184895369689911604e-04 2.184709592256695032e-04 9.989934563636779785e-01
3.450901713222265244e-04 3.432022931519895792e-04 1.798770972527563572e-04 9.991319179534912109e-01
3.794089134316891432e-04 3.301475080661475658e-04 1.971968304133042693e-04 9.990932941436767578e-01
3.559253236744552851e-04 3.979697648901492357e-04 1.927924313349649310e-04 9.990533590316772461e-01
4.357195866759866476e-04 4.284937749616801739e-04 2.066721644951030612e-04 9.989287257194519043e-01
4.670933412853628397e-04 4.959221114404499531e-04 2.346147812204435468e-04 9.988022446632385254e-01
5.008395528420805931e-04 3.678440698422491550e-04 2.010979515034705400e-04 9.989299774169921875e-01
4.991393070667982101e-04 4.217181412968784571e-04 1.870550331659615040e-04 9.988920092582702637e-01
3.777832025662064552e-04 3.629428392741829157e-04 1.933871535584330559e-04 9.990661740303039551e-01
4.527186101768165827e-04 4.254466912243515253e-04 2.193578839069232345e-04 9.989024996757507324e-01
4.306148330215364695e-04 4.014271253254264593e-04 1.965900446521118283e-04 9.989715218544006348e-01
5.666026845574378967e-04 5.989823839627206326e-04 2.133637754013761878e-04 9.986209273338317871e-01
5.053382483310997486e-04 3.305676509626209736e-04 1.803805935196578503e-04 9.989837408065795898e-01
5.344292148947715759e-04 3.275523777119815350e-04 1.825358194764703512e-04 9.989553093910217285e-01
6.201895885169506073e-04 4.444357182364910841e-04 2.799626090563833714e-04 9.986555576324462891e-01
6.088474183343350887e-04 3.793798969127237797e-04 1.906527322717010975e-04 9.988213181495666504e-01
8.427095599472522736e-04 4.492208827286958694e-04 1.972259196918457747e-04 9.985105395317077637e-01
6.731018074788153172e-04 5.633871769532561302e-04 2.494912187103182077e-04 9.985139369964599609e-01
8.886989089660346508e-04 4.146662831772118807e-04 1.720453292364254594e-04 9.985244274139404297e-01
7.457244792021811008e-04 4.216827510390430689e-04 1.586342405062168837e-04 9.986740350723266602e-01
9.047681232914328575e-04 4.043358203489333391e-04 1.731743832351639867e-04 9.985177516937255859e-01
7.494507590308785439e-04 4.919780767522752285e-04 1.871564600151032209e-04 9.985715150833129883e-01
7.724091992713510990e-04 5.413421895354986191e-04 2.178880968131124973e-04 9.984678626060485840e-01
9.687714045867323875e-04 4.706723266281187534e-04 1.874281151685863733e-04 9.983734488487243652e-01
1.395488274283707142e-03 4.381448088679462671e-04 1.845697988756000996e-04 9.979817867279052734e-01
1.777255209162831306e-03 4.603769630193710327e-04 1.588379818713292480e-04 9.976037740707397461e-01
1.470416202209889889e-03 4.392955452203750610e-04 1.933532184921205044e-04 9.978970289230346680e-01
1.699217478744685650e-03 4.785700293723493814e-04 1.959692162927240133e-04 9.976263046264648438e-01
1.677892636507749557e-03 4.691093345172703266e-04 1.803907071007415652e-04 9.976724386215209961e-01
2.441967371851205826e-03 4.551622550934553146e-04 1.873736619018018246e-04 9.969154596328735352e-01
4.263107664883136749e-03 4.530067380983382463e-04 1.850532862590625882e-04 9.950992465019226074e-01
1.525844214484095573e-03 5.097030079923570156e-04 1.895294553833082318e-04 9.977753162384033203e-01
2.513303654268383980e-03 4.812687984667718410e-04 1.809645618777722120e-04 9.968249201774597168e-01
2.858969848603010178e-03 5.491159972734749317e-04 2.107581240125000477e-04 9.963808655738830566e-01
4.029430449008941650e-03 4.768845101352781057e-04 1.604764256626367569e-04 9.953331947326660156e-01
3.839323529973626137e-03 5.829993169754743576e-04 2.150971413357183337e-04 9.953625202178955078e-01
6.011725869029760361e-03 5.062204436399042606e-04 1.901890063891187310e-04 9.932916164398193359e-01
4.216337576508522034e-03 4.075190518051385880e-04 1.490143913542851806e-04 9.952270388603210449e-01
1.009507942944765091e-02 5.195485427975654602e-04 1.729796058498322964e-04 9.892124533653259277e-01
9.917815215885639191e-03 3.960258036386221647e-04 1.501648075645789504e-04 9.895359277725219727e-01
1.202093530446290970e-02 4.478585033211857080e-04 1.466825633542612195e-04 9.873850941658020020e-01
1.868477277457714081e-02 4.984314437024295330e-04 1.477306068409234285e-04 9.806689620018005371e-01
1.484052743762731552e-02 4.932077135890722275e-04 1.587896695127710700e-04 9.845075011253356934e-01
2.601342648267745972e-02 6.393417133949697018e-04 1.388376840623095632e-04 9.732085466384887695e-01
1.506001222878694534e-02 4.310709191486239433e-04 1.347923971479758620e-04 9.843745231628417969e-01
2.252660505473613739e-02 5.148691707290709019e-04 1.606761506991460919e-04 9.767980575561523438e-01
3.055730089545249939e-02 5.766643444076180458e-04 1.514734613010659814e-04 9.687145352363586426e-01
4.103879258036613464e-02 4.127081483602523804e-04 1.391050318488851190e-04 9.584091901779174805e-01
5.537673458456993103e-02 4.078640777152031660e-04 1.172627962660044432e-04 9.440981149673461914e-01
6.488737463951110840e-02 3.644595853984355927e-04 1.159136445494368672e-04 9.346322417259216309e-01
6.468707323074340820e-02 3.984828654211014509e-04 1.452174765290692449e-04 9.347688555717468262e-01
7.342943549156188965e-02 4.900066414847970009e-04 1.194278374896384776e-04 9.259611368179321289e-01
7.841917872428894043e-02 4.114536859560757875e-04 1.285283651668578386e-04 9.210408329963684082e-01
8.182234317064285278e-02 4.813046543858945370e-04 1.226820022566244006e-04 9.175736308097839355e-01
9.386758506298065186e-02 3.834763483610004187e-04 1.221660349983721972e-04 9.056267738342285156e-01
1.073610112071037292e-01 3.204367822036147118e-04 1.017046888591721654e-04 8.922168612480163574e-01
1.052972227334976196e-01 4.052195290569216013e-04 9.119312744587659836e-05 8.942062258720397949e-01
9.764556586742401123e-02 4.405575746204704046e-04 1.138161096605472267e-04 9.018001556396484375e-01
9.812168776988983154e-02 4.274791281204670668e-04 1.037109323078766465e-04 9.013469219207763672e-01
9.831956028938293457e-02 3.933612024411559105e-04 9.222253720508888364e-05 9.011945724487304688e-01
1.026170551776885986e-01 4.039522027596831322e-04 1.158080849563702941e-04 8.968632817268371582e-01
9.703591465950012207e-02 3.759303654078394175e-04 1.222800929099321365e-04 9.024658203125000000e-01
1.034632921218872070e-01 3.597445902414619923e-04 9.767741721589118242e-05 8.960790634155273438e-01
1.045983433723449707e-01 3.673438623081892729e-04 1.092460297513753176e-04 8.949248790740966797e-01
1.064053848385810852e-01 3.821715363301336765e-04 1.043993179337121546e-04 8.931080698966979980e-01
9.910895675420761108e-02 3.513299452606588602e-04 9.399813279742375016e-05 9.004455804824829102e-01
1.038814336061477661e-01 3.520046884659677744e-04 1.220035046571865678e-04 8.956447243690490723e-01
9.515295177698135376e-02 3.585877129808068275e-04 1.077432752936147153e-04 9.043805599212646484e-01
8.931832760572433472e-02 4.665609740186482668e-04 1.103606482502073050e-04 9.101046919822692871e-01
8.485788106918334961e-02 3.690917510539293289e-04 1.151886681327596307e-04 9.146582484245300293e-01
7.668028026819229126e-02 3.884585748892277479e-04 9.470689110457897186e-05 9.228363037109375000e-01
6.770227104425430298e-02 3.830353089142590761e-04 9.662800584919750690e-05 9.318178892135620117e-01
6.913711875677108765e-02 4.024984082207083702e-04 1.105754927266389132e-04 9.303495287895202637e-01
6.355503201484680176e-02 5.576043040491640568e-04 1.195880759041756392e-04 9.357673525810241699e-01
6.695171445608139038e-02 3.696413186844438314e-04 9.588366810930892825e-05 9.325830936431884766e-01
6.418643891811370850e-02 3.726527502294629812e-04 1.147019938798621297e-04 9.353262186050415039e-01
5.620963126420974731e-02 4.088069545105099678e-04 1.164290297310799360e-04 9.432651400566101074e-01
5.783356726169586182e-02 4.241155693307518959e-04 1.127239811467006803e-04 9.416291117668151855e-01
6.184612214565277100e-02 4.210338229313492775e-04 1.225200830958783627e-04 9.376102685928344727e-01
6.480985879898071289e-02 4.292067023925483227e-04 1.215106312884017825e-04 9.346394538879394531e-01
