1.261106226593255997e-04 1.586936414241790771e-04 1.687776966718956828e-04 9.995464086532592773e-01
1.128073417930863798e-04 1.878812181530520320e-04 1.108988071791827679e-04 9.995883107185363770e-01
1.245161984115839005e-04 1.770868693711236119e-04 1.539686782052740455e-04 9.995441436767578125e-01
1.140666281571611762e-04 1.714934332994744182e-04 1.534817565698176622e-04 9.995612502098083496e-01
1.038262416841462255e-04 1.450701674912124872e-04 1.183808635687455535e-04 9.996324181556701660e-01
1.125236085499636829e-04 1.640143455006182194e-04 1.376253640046343207e-04 9.995858669281005859e-01
1.152683034888468683e-04 1.622458366909995675e-04 1.303796161664649844e-04 9.995920658111572266e-01
1.373701379634439945e-04 1.713742822175845504e-04 1.204803629661910236e-04 9.995709061622619629e-01
1.280160358874127269e-04 1.764783373801037669e-04 1.475097233196720481e-04 9.995478391647338867e-01
1.306382619077339768e-04 2.049111353699117899e-04 1.459462800994515419e-04 9.995187520980834961e-01
1.215943120769225061e-04 1.583491393830627203e-04 1.177006924990564585e-04 9.996026754379272461e-01
1.019121773424558342e-04 1.348334481008350849e-04 1.434896257705986500e-04 9.996198415756225586e-01
1.141235843533650041e-04 1.536418712930753827e-04 1.211612834595143795e-04 9.996109604835510254e-01
1.155291611212305725e-04 1.633067586226388812e-04 1.283357560168951750e-04 9.995927214622497559e-01
1.080278670997358859e-04 1.574633060954511166e-04 1.398073218297213316e-04 9.995951652526855469e-01
1.300007861573249102e-04 1.458856277167797089e-04 1.220005724462680519e-04 9.996016025543212891e-01
1.160916290245950222e-04 1.667101023485884070e-04 1.326620404142886400e-04 9.995838999748229980e-01
1.223776780534535646e-04 1.649471378186717629e-04 1.183721833513118327e-04 9.995946884155273438e-01
1.149156378232873976e-04 1.522469246992841363e-04 1.437032769899815321e-04 9.995891451835632324e-01
1.388159435009583831e-04 1.553791371406987309e-04 1.161485051852650940e-04 9.995898604393005371e-01
1.153675257228314877e-04 1.488654525019228458e-04 1.371547987218946218e-04 9.995985031127929688e-01
1.413612917531281710e-04 1.879549527075141668e-04 1.316744892392307520e-04 9.995391368865966797e-01
9.892576781567186117e-05 1.432542921975255013e-04 1.137353683589026332e-04 9.996442794799804688e-01
1.253062655450776219e-04 1.745352492434903979e-04 1.279538264498114586e-04 9.995725154876708984e-01
1.264967868337407708e-04 1.541858655400574207e-04 1.563872356200590730e-04 9.995626807212829590e-01
1.140893873525783420e-04 1.657853281358256936e-04 1.245573948835954070e-04 9.995955228805541992e-01
1.240772835444658995e-04 1.884102530311793089e-04 1.666368480073288083e-04 9.995209574699401855e-01
1.411165576428174973e-04 1.815310388337820768e-04 1.259778364328667521e-04 9.995518922805786133e-01
1.194444412249140441e-04 1.432090357411652803e-04 1.252703223144635558e-04 9.996123313903808594e-01
1.069331192411482334e-04 1.666913885856047273e-04 1.276682305615395308e-04 9.995985031127929688e-01
1.137743602157570422e-04 1.569070009281858802e-04 1.194913638755679131e-04 9.996101260185241699e-01
1.319639413850381970e-04 1.600932882865890861e-04 1.326979836449027061e-04 9.995756745338439941e-01
9.047492494573816657e-05 1.362813491141423583e-04 1.246050378540530801e-04 9.996486306190490723e-01
1.101839516195468605e-04 1.688898337306454778e-04 1.292515953537076712e-04 9.995917081832885742e-01
1.258472329936921597e-04 1.646671298658475280e-04 1.564222184242680669e-04 9.995530247688293457e-01
1.331255625700578094e-04 1.810628746170550585e-04 1.845197548391297460e-04 9.995012879371643066e-01
1.302706514252349734e-04 1.735729892970994115e-04 1.608135062269866467e-04 9.995352625846862793e-01
1.178064558189362288e-04 1.444754598196595907e-04 1.104205002775415778e-04 9.996277093887329102e-01
1.156854777946136892e-04 1.829243847168982029e-04 1.563830301165580750e-04 9.995445013046264648e-01
1.140046151704154909e-04 1.382518676109611988e-04 1.312980602961033583e-04 9.996162056922912598e-01
1.108192736865021288e-04 1.355430285912007093e-04 1.236924872500821948e-04 9.996299743652343750e-01
1.354338019154965878e-04 1.919902133522555232e-04 1.514151517767459154e-04 9.995210766792297363e-01
1.199021353386342525e-04 1.485182001488283277e-04 1.068662895704619586e-04 9.996246099472045898e-01
1.211378912557847798e-04 1.524071267340332270e-04 1.414497819496318698e-04 9.995852708816528320e-01
1.196605371660552919e-04 1.677461259532719851e-04 1.433262077625840902e-04 9.995689988136291504e-01
1.145244459621608257e-04 1.543767866678535938e-04 1.503436360508203506e-04 9.995808601379394531e-01
1.044565506163053215e-04 1.623663993086665869e-04 1.389076205668970942e-04 9.995943307876586914e-01
1.128170042647980154e-04 1.546012499602511525e-04 1.604118879185989499e-04 9.995723962783813477e-01
1.223519502673298120e-04 1.483314554207026958e-04 1.196960729430429637e-04 9.996098279953002930e-01
1.244992599822580814e-04 1.860601332737132907e-04 1.306945632677525282e-04 9.995589852333068848e-01
1.409213728038594127e-04 1.596257206983864307e-04 1.195271688629873097e-04 9.995797872543334961e-01
1.260687131434679031e-04 1.625421864446252584e-04 1.774587290128692985e-04 9.995339512825012207e-01
1.266811304958537221e-04 1.736161066219210625e-04 1.457044709241017699e-04 9.995538592338562012e-01
1.329156657448038459e-04 1.803914201445877552e-04 1.235496456502005458e-04 9.995632767677307129e-01
1.205029038828797638e-04 1.821150217438116670e-04 1.608321472303941846e-04 9.995367527008056641e-01
1.351228129351511598e-04 1.677538530202582479e-04 1.343161129625514150e-04 9.995626807212829590e-01
1.270673092221841216e-04 1.671212812652811408e-04 1.403357746312394738e-04 9.995649456977844238e-01
1.134867343353107572e-04 1.753116812324151397e-04 1.349997764918953180e-04 9.995765089988708496e-01
1.180208200821653008e-04 1.814565621316432953e-04 1.433088764315471053e-04 9.995573163032531738e-01
1.174401186290197074e-04 1.648537581786513329e-04 1.472098956583067775e-04 9.995702505111694336e-01
1.167837835964746773e-04 1.945033582160249352e-04 1.534878829261288047e-04 9.995355606079101562e-01
1.189017420983873308e-04 1.686093746684491634e-04 1.409317774232476950e-04 9.995716214179992676e-01
1.237206015503033996e-04 1.827247906476259232e-04 1.477079204050824046e-04 9.995458722114562988e-01
1.327658828813582659e-04 1.851709530455991626e-04 1.634946966078132391e-04 9.995185136795043945e-01
1.072845261660404503e-04 1.563100086059421301e-04 1.367518561892211437e-04 9.995999932289123535e-01
1.398620079271495342e-04 1.708544441498816013e-04 1.744833280099555850e-04 9.995148181915283203e-01
1.311876840190961957e-04 1.549548323964700103e-04 1.219375408254563808e-04 9.995923042297363281e-01
1.372604892821982503e-04 1.920206268550828099e-04 1.526638370705768466e-04 9.995179772377014160e-01
1.233886141562834382e-04 1.849354157457128167e-04 1.525454717921093106e-04 9.995392560958862305e-01
1.125856870203278959e-04 1.536598429083824158e-04 1.447630784241482615e-04 9.995890855789184570e-01
1.286184560740366578e-04 1.874554436653852463e-04 1.247497566509991884e-04 9.995597004890441895e-01
1.062188312062062323e-04 1.577296061441302299e-04 1.241716818185523152e-04 9.996115565299987793e-01
1.257914409507066011e-04 2.477148955222219229e-04 2.350181021029129624e-04 9.993909001350402832e-01
1.264996390091255307e-04 1.552611793158575892e-04 1.676092506386339664e-04 9.995507597923278809e-01
1.238367985934019089e-04 1.878212351584807038e-04 1.675058883847668767e-04 9.995207786560058594e-01
1.083561655832454562e-04 1.846184895839542150e-04 1.420505868736654520e-04 9.995648860931396484e-01
1.296116533922031522e-04 1.428189134458079934e-04 1.431782875442877412e-04 9.995841979980468750e-01
1.203609426738694310e-04 1.514319592388346791e-04 1.134872218244709074e-04 9.996148347854614258e-01
1.172837073681876063e-04 1.528978173155337572e-04 1.293078530579805374e-04 9.996006488800048828e-01
1.181382322101853788e-04 1.566431164974346757e-04 1.377417647745460272e-04 9.995875358581542969e-01
1.145920978160575032e-04 1.509568828623741865e-04 1.106647614506073296e-04 9.996237158775329590e-01
1.173750570160336792e-04 1.456929894629865885e-04 1.274034875677898526e-04 9.996095895767211914e-01
1.297620328841730952e-04 1.619882677914574742e-04 1.410807017236948013e-04 9.995670914649963379e-01
1.109052172978408635e-04 1.833968417486175895e-04 1.695113169262185693e-04 9.995364546775817871e-01
1.114915357902646065e-04 1.711396034806966782e-04 1.368126104352995753e-04 9.995806813240051270e-01
1.251198991667479277e-04 1.656628010096028447e-04 1.357296132482588291e-04 9.995735287666320801e-01
1.236487878486514091e-04 1.531477173557505012e-04 1.574207562953233719e-04 9.995654821395874023e-01
1.313655957346782088e-04 1.590776228113099933e-04 1.533010508865118027e-04 9.995563030242919922e-01
1.475973986089229584e-04 1.710100623313337564e-04 1.372470287606120110e-04 9.995439052581787109e-01
1.020503405015915632e-04 1.487730041844770312e-04 1.273252419196069241e-04 9.996215701103210449e-01
1.250768837053328753e-04 1.494989410275593400e-04 1.363315532216802239e-04 9.995888471603393555e-01
1.340115850325673819e-04 1.623515272513031960e-04 1.523438259027898312e-04 9.995512962341308594e-01
1.358134904876351357e-04 1.535716874059289694e-04 1.374886051053181291e-04 9.995732903480529785e-01
1.271064684260636568e-04 1.446303067496046424e-04 1.384339557262137532e-04 9.995900988578796387e-01
1.271821529371663928e-04 1.485522370785474777e-04 1.440912892576307058e-04 9.995801448822021484e-01
1.139692321885377169e-04 1.286119659198448062e-04 1.089262514142319560e-04 9.996486902236938477e-01
1.297917624469846487e-04 1.748198264976963401e-04 1.274920214200392365e-04 9.995680451393127441e-01
1.309805520577356219e-04 1.683588343439623713e-04 1.743627944961190224e-04 9.995266795158386230e-01
1.414002181263640523e-04 1.881922653410583735e-04 1.584666460985317826e-04 9.995118379592895508e-01
1.289937790716066957e-04 1.837822346715256572e-04 1.394341961713507771e-04 9.995474815368652344e-01
1.130798482336103916e-04 1.625898439669981599e-04 1.264517923118546605e-04 9.995981454849243164e-01
1.290850341320037842e-04 1.842812926042824984e-04 1.841977791627869010e-04 9.995021820068359375e-01
1.310796797042712569e-04 1.677456166362389922e-04 1.528467109892517328e-04 9.995484352111816406e-01
1.078180866898037493e-04 1.403147325618192554e-04 1.057671397575177252e-04 9.996461868286132812e-01
1.216682139784097672e-04 1.470079005230218172e-04 1.542562822578474879e-04 9.995768070220947266e-01
1.333032414549961686e-04 1.687640178715810180e-04 1.288839266635477543e-04 9.995692372322082520e-01
1.136230566771700978e-04 1.588263839948922396e-04 1.368364464724436402e-04 9.995908737182617188e-01
1.173851924249902368e-04 1.975367631530389190e-04 1.607926242286339402e-04 9.995240569114685059e-01
1.144882844528183341e-04 1.405026123393326998e-04 1.580119424033910036e-04 9.995869994163513184e-01
1.119493390433490276e-04 1.424103102181106806e-04 1.232426584465429187e-04 9.996219277381896973e-01
1.174586359411478043e-04 1.705423055682331324e-04 1.297143462579697371e-04 9.995821714401245117e-01
1.280503638554364443e-04 1.668948680162429810e-04 1.571611064719036222e-04 9.995477795600891113e-01
1.198971440317109227e-04 1.682404399616643786e-04 1.209446854772977531e-04 9.995911717414855957e-01
1.307482743868604302e-04 1.767829089658334851e-04 1.205361477332189679e-04 9.995717406272888184e-01
1.148123628809116781e-04 1.638511021155864000e-04 1.470033021178096533e-04 9.995743036270141602e-01
1.366856595268473029e-04 1.543703401694074273e-04 1.449764386052265763e-04 9.995644092559814453e-01
1.160864703706465662e-04 1.457007019780576229e-04 1.346034696325659752e-04 9.996035695075988770e-01
1.286608166992664337e-04 1.428215182386338711e-04 1.134841877501457930e-04 9.996154308319091797e-01
1.320480077993124723e-04 1.473871234338730574e-04 1.302090386161580682e-04 9.995903968811035156e-01
1.223310100613161922e-04 1.603441196493804455e-04 1.159899184131063521e-04 9.996011257171630859e-01
1.381986803608015180e-04 1.544788683531805873e-04 1.826764928409829736e-04 9.995248913764953613e-01
9.925692575052380562e-05 1.589439343661069870e-04 1.123117908718995750e-04 9.996294379234313965e-01
1.195128570543602109e-04 1.415021397406235337e-04 1.247308537131175399e-04 9.996144771575927734e-01
1.547076535644009709e-04 1.598560775164514780e-04 1.757222635205835104e-04 9.995098710060119629e-01
1.235946110682561994e-04 1.528872962808236480e-04 1.280685246456414461e-04 9.995954632759094238e-01
1.295076799578964710e-04 1.570656750118359923e-04 1.655685482546687126e-04 9.995480179786682129e-01
1.809002715162932873e-04 2.014107012655586004e-04 3.856143739540129900e-04 9.992325901985168457e-01
1.372862025164067745e-04 1.618004607735201716e-04 1.571182947373017669e-04 9.995439648628234863e-01
1.379178866045549512e-04 1.779437443474307656e-04 1.587673323228955269e-04 9.995256066322326660e-01
1.582727709319442511e-04 1.772779942257329822e-04 1.537819189252331853e-04 9.995109438896179199e-01
1.211362323374487460e-04 1.391970727127045393e-04 1.385083451168611646e-04 9.996010661125183105e-01
1.331898965872824192e-04 1.689581549726426601e-04 1.696686231298372149e-04 9.995278716087341309e-01
1.395779545418918133e-04 1.466060202801600099e-04 1.485544780734926462e-04 9.995651841163635254e-01
1.506482221884652972e-04 1.502111554145812988e-04 1.555119088152423501e-04 9.995434284210205078e-01
1.236002135556191206e-04 1.796066062524914742e-04 1.662333525018766522e-04 9.995303153991699219e-01
1.611752813914790750e-04 1.428480318281799555e-04 1.332154060946777463e-04 9.995631575584411621e-01
1.279981515835970640e-04 1.562749093864113092e-04 1.272940571652725339e-04 9.995887279510498047e-01
1.161791369668208063e-04 1.295786642003804445e-04 1.454493904020637274e-04 9.996086359024047852e-01
1.404164358973503113e-04 1.710812357487156987e-04 1.512935559730976820e-04 9.995369911193847656e-01
1.374617422698065639e-04 1.439576444681733847e-04 1.824046339606866241e-04 9.995362758636474609e-01
1.287924096686765552e-04 1.578501687617972493e-04 1.507934211986139417e-04 9.995628595352172852e-01
1.430244738003239036e-04 1.638317626202479005e-04 1.552747562527656555e-04 9.995383024215698242e-01
1.319322036579251289e-04 1.556995121063664556e-04 1.700325374258682132e-04 9.995424747467041016e-01
1.686208270257338881e-04 1.730707008391618729e-04 1.385974173899739981e-04 9.995198249816894531e-01
1.330176310148090124e-04 1.252956717507913709e-04 1.177226440631784499e-04 9.996238946914672852e-01
1.338386500719934702e-04 1.424915244570001960e-04 1.468419941375032067e-04 9.995765089988708496e-01
1.785650820238515735e-04 1.810580724850296974e-04 1.887302933027967811e-04 9.994519948959350586e-01
1.465486566303297877e-04 1.447029499104246497e-04 1.667527540121227503e-04 9.995418190956115723e-01
1.433229626854881644e-04 1.610084727872163057e-04 1.661565911490470171e-04 9.995295405387878418e-01
1.739828294375911355e-04 1.581069664098322392e-04 1.764955377439036965e-04 9.994913339614868164e-01
1.829884422477334738e-04 1.525588158983737230e-04 1.816088188206776977e-04 9.994830489158630371e-01
1.413229038007557392e-04 1.331828098045662045e-04 1.222146529471501708e-04 9.996033310890197754e-01
1.282059383811429143e-04 1.647426834097132087e-04 1.752685493556782603e-04 9.995319843292236328e-01
1.374777639284729958e-04 1.456079917261376977e-04 1.176518999272957444e-04 9.995992183685302734e-01
1.748699723975732923e-04 1.519006182206794620e-04 1.705763716017827392e-04 9.995025992393493652e-01
1.520443183835595846e-04 1.412951532984152436e-04 1.596321671968325973e-04 9.995471835136413574e-01
1.641768612898886204e-04 1.509686262579634786e-04 1.559529919177293777e-04 9.995291233062744141e-01
1.948458084370940924e-04 1.474652963224798441e-04 1.733458921080455184e-04 9.994841217994689941e-01
2.076660166494548321e-04 1.504673127783462405e-04 1.764796616043895483e-04 9.994652867317199707e-01
1.502058876212686300e-04 1.524332328699529171e-04 1.712754456093534827e-04 9.995263218879699707e-01
1.818153541535139084e-04 1.262836594833061099e-04 1.279879652429372072e-04 9.995638132095336914e-01
2.091062633553519845e-04 1.703569869277998805e-04 1.967783900909125805e-04 9.994237422943115234e-01
1.907589758047834039e-04 1.160547253675758839e-04 1.325820194324478507e-04 9.995602369308471680e-01
2.251192927360534668e-04 1.369358797091990709e-04 1.821007463149726391e-04 9.994556903839111328e-01
2.465456200297921896e-04 1.298303977819159627e-04 1.902301009977236390e-04 9.994336962699890137e-01
2.175487607019022107e-04 1.378130255034193397e-04 2.137103874702006578e-04 9.994306564331054688e-01
1.668839104240760207e-04 1.317142887273803353e-04 1.499713107477873564e-04 9.995515346527099609e-01
1.844957005232572556e-04 1.239508274011313915e-04 1.668945624260231853e-04 9.995249509811401367e-01
3.592219727579504251e-04 1.504142564954236150e-04 1.875724847195670009e-04 9.993029832839965820e-01
2.056384691968560219e-04 1.330462691839784384e-04 1.566575665492564440e-04 9.995044469833374023e-01
3.542047343216836452e-04 1.271588698728010058e-04 1.487742265453562140e-04 9.993697404861450195e-01
2.756777685135602951e-04 1.632091152714565396e-04 2.376889169681817293e-04 9.993233680725097656e-01
4.798911977559328079e-04 1.748517825035378337e-04 1.926624827319756150e-04 9.991526603698730469e-01
4.076618934050202370e-04 1.241980353370308876e-04 1.490599097451195121e-04 9.993190765380859375e-01
3.366332384757697582e-04 1.178243037429638207e-04 1.314816763624548912e-04 9.994143843650817871e-01
4.548376309685409069e-04 1.238120457855984569e-04 1.758831931510940194e-04 9.992452859878540039e-01
3.453787940088659525e-04 1.240142300957813859e-04 1.807972585083916783e-04 9.993494153022766113e-01
5.820504738949239254e-04 1.250756176887080073e-04 1.596067450009286404e-04 9.991334676742553711e-01
4.890609998255968094e-04 1.150036259787157178e-04 1.666341413510963321e-04 9.992294907569885254e-01
5.727680400013923645e-04 1.539677614346146584e-04 2.080758276861160994e-04 9.990651607513427734e-01
1.041401876136660576e-03 1.392455014865845442e-04 1.949761935975402594e-04 9.986240267753601074e-01
5.524767329916357994e-04 1.365945790894329548e-04 1.420162443537265062e-04 9.991689920425415039e-01
8.588236523792147636e-04 1.080265064956620336e-04 1.588603481650352478e-04 9.988742470741271973e-01
9.564165957272052765e-04 1.217843746417202055e-04 1.474962919019162655e-04 9.987744092941284180e-01
2.387918764725327492e-03 9.678493370302021503e-05 1.744312321534380317e-04 9.973407387733459473e-01
2.758550224825739861e-03 1.000684278551489115e-04 1.446911483071744442e-04 9.969969987869262695e-01
1.369885401800274849e-03 1.093853497877717018e-04 1.731489755911752582e-04 9.983476400375366211e-01
3.834312548860907555e-03 8.930415788199752569e-05 1.562765392009168863e-04 9.959204196929931641e-01
2.577133011072874069e-03 1.190885377582162619e-04 1.890079147415235639e-04 9.971147179603576660e-01
3.533626208081841469e-03 7.662763528060168028e-05 1.273898669751361012e-04 9.962621927261352539e-01
9.147310629487037659e-03 7.977122731972485781e-05 1.181255356641486287e-04 9.906551837921142578e-01
4.405614919960498810e-03 8.838746725814417005e-05 1.082654707715846598e-04 9.953979253768920898e-01
7.513607852160930634e-03 8.438537770416587591e-05 1.553972106194123626e-04 9.922465682029724121e-01
1.227674819529056549e-02 7.088892743922770023e-05 1.601328549440950155e-04 9.874925613403320312e-01
1.319324038922786713e-02 8.095570228761062026e-05 1.276319526368752122e-04 9.865980744361877441e-01
2.891634032130241394e-02 1.005095764412544668e-04 1.615306973690167069e-04 9.708219170570373535e-01
4.161711782217025757e-02 6.396928802132606506e-05 1.873272703960537910e-04 9.581315517425537109e-01
5.410190671682357788e-02 4.991621972294524312e-05 6.258235225686803460e-05 9.457854628562927246e-01
6.050881743431091309e-02 5.295363371260464191e-05 9.318961383542045951e-05 9.393449425697326660e-01
7.039897888898849487e-02 4.611926124198362231e-05 6.852827937109395862e-05 9.294865727424621582e-01
1.074778214097023010e-01 4.036255268147215247e-05 6.945630593691021204e-05 8.924120068550109863e-01
1.446112692356109619e-01 3.260639277868904173e-05 6.554484571097418666e-05 8.552905321121215820e-01
1.779877394437789917e-01 2.414861774013843387e-05 4.133662514504976571e-05 8.219468593597412109e-01
2.297421544790267944e-01 3.370117337908595800e-05 6.284085975494235754e-05 7.701616287231445312e-01
3.075073361396789551e-01 1.393580623698653653e-05 2.360571124881971627e-05 6.924546360969543457e-01
3.331233859062194824e-01 2.496050547051709145e-05 3.518292942317202687e-05 6.668161749839782715e-01
3.790874779224395752e-01 1.664438059378881007e-05 5.066399535280652344e-05 6.208453774452209473e-01
4.728797078132629395e-01 1.447400245524477214e-05 1.959295150300022215e-05 5.270861387252807617e-01
4.997892677783966064e-01 1.107738989958306774e-05 1.378358501824550331e-05 5.001857876777648926e-01
5.831750035285949707e-01 9.317884178017266095e-06 2.275448787258937955e-05 4.167928099632263184e-01
6.100797653198242188e-01 7.324643320316681638e-06 6.814429525547893718e-06 3.899058401584625244e-01
6.322776675224304199e-01 4.986387466487940401e-06 8.725330189918167889e-06 3.677087128162384033e-01
6.515554189682006836e-01 4.799233465746510774e-06 1.124319078371627256e-05 3.484280407428741455e-01
6.751897335052490234e-01 4.731180069939000532e-06 1.040464940160745755e-05 3.247952759265899658e-01
7.178784012794494629e-01 3.159470452374080196e-06 4.018261734017869458e-06 2.821140885353088379e-01
7.375117540359497070e-01 2.731706899794517085e-06 4.967098902852740139e-06 2.624801099300384521e-01
7.401729226112365723e-01 5.302440968080190942e-06 1.264422462554648519e-05 2.598087787628173828e-01
7.674973607063293457e-01 3.182322643624502234e-06 6.224827302503399551e-06 2.324934154748916626e-01
7.728013992309570312e-01 3.164348981954390183e-06 1.285640428250189871e-05 2.271829247474670410e-01
7.898173332214355469e-01 1.772557880030944943e-06 4.449450898391660303e-06 2.101764380931854248e-01
7.903139591217041016e-01 2.626265541039174423e-06 8.114659067359752953e-06 2.096756249666213989e-01
7.952024936676025391e-01 2.003490635615889914e-06 7.204888788692187518e-06 2.047882974147796631e-01
8.070316910743713379e-01 2.774626864265883341e-06 8.569370947952847928e-06 1.929567158222198486e-01
8.158621788024902344e-01 2.301908352819737047e-06 5.206291916692862287e-06 1.841307282447814941e-01
8.168805837631225586e-01 2.704267444642027840e-06 1.113468169933184981e-05 1.831056028604507446e-01
8.217421770095825195e-01 2.389500195931759663e-06 6.080531875340966508e-06 1.782489717006683350e-01
8.243817090988159180e-01 2.956795015052193776e-06 1.093761147785698995e-05 1.756044626235961914e-01
8.234440088272094727e-01 2.550251338107045740e-06 7.165738225012319162e-06 1.765461415052413940e-01
8.283379673957824707e-01 2.897324975492665544e-06 9.991603292291983962e-06 1.716487258672714233e-01
8.256949782371520996e-01 2.552118303356110118e-06 8.659530067234300077e-06 1.742934137582778931e-01
8.259114623069763184e-01 2.534817895138985477e-06 7.979308975336607546e-06 1.740783601999282837e-01
8.246870040893554688e-01 2.103782662743469700e-06 6.379233127518091351e-06 1.753046065568923950e-01
8.264772891998291016e-01 2.527851847844431177e-06 9.712477549328468740e-06 1.735104471445083618e-01
8.295129537582397461e-01 2.516972699595498852e-06 7.710429599683266133e-06 1.704770028591156006e-01
8.265888690948486328e-01 2.331684981982107274e-06 6.615019174205372110e-06 1.734020113945007324e-01
8.253960609436035156e-01 2.417664973108912818e-06 7.384153832390438765e-06 1.745940744876861572e-01
8.234939575195312500e-01 2.860532276827143505e-06 9.349275387648958713e-06 1.764940470457077026e-01
8.205871582031250000e-01 2.853689238691003993e-06 8.665069799462798983e-06 1.794013977050781250e-01
8.166240453720092773e-01 2.802739345497684553e-06 1.193432672152994201e-05 1.833612322807312012e-01
8.087508678436279297e-01 2.870423486456274986e-06 8.853449799062218517e-06 1.912373602390289307e-01
8.064468502998352051e-01 2.655330035850056447e-06 9.160676199826411903e-06 1.935412287712097168e-01
7.954062819480895996e-01 2.423858632027986459e-06 1.171044732473092154e-05 2.045796066522598267e-01
7.925128936767578125e-01 3.377708253538003191e-06 1.063936451828340068e-05 2.074731439352035522e-01
7.888842821121215820e-01 2.900542085626511835e-06 9.708735888125374913e-06 2.111032456159591675e-01
7.888108491897583008e-01 2.342439756830572151e-06 9.335616596217732877e-06 2.111776173114776611e-01
7.974913120269775391e-01 3.463386974544846453e-06 9.222087101079523563e-06 2.024963796138763428e-01
7.957721352577209473e-01 3.258804326833342202e-06 1.044247710524359718e-05 2.042143642902374268e-01
7.917949557304382324e-01 2.973640221171081066e-06 1.128305757447378710e-05 2.081906944513320923e-01
7.875719070434570312e-01 2.828255674103274941e-06 1.085298481484642252e-05 2.124146968126296997e-01
7.877684831619262695e-01 2.465437773935263976e-06 7.901168828539084643e-06 2.122212052345275879e-01
7.864639163017272949e-01 2.753560465862392448e-06 8.769766282057389617e-06 2.135244756937026978e-01
