2.039274695562198758e-04 1.212113056681118906e-04 1.801847538445144892e-04 9.994945526123046875e-01
1.560731325298547745e-04 8.621723827673122287e-05 1.624198921490460634e-04 9.995955228805541992e-01
2.490326878614723682e-04 1.152065888163633645e-04 2.095736417686566710e-04 9.994264841079711914e-01
1.996533683268353343e-04 1.303525641560554504e-04 1.956137421075254679e-04 9.994743466377258301e-01
1.488633424742147326e-04 8.604183676652610302e-05 1.445797388441860676e-04 9.996209740638732910e-01
1.970184675883501768e-04 1.143908448284491897e-04 1.870647829491645098e-04 9.995018839836120605e-01
1.626103330636397004e-04 9.664880053605884314e-05 1.399895845679566264e-04 9.996008276939392090e-01
1.668598270043730736e-04 9.073677210835739970e-05 1.477457408327609301e-04 9.995940923690795898e-01
2.012496406678110361e-04 9.151884296443313360e-05 1.796028664102777839e-04 9.995272755622863770e-01
2.004147681873291731e-04 1.234466326422989368e-04 1.798589946702122688e-04 9.994962215423583984e-01
2.122606820194050670e-04 1.034992528730072081e-04 1.867911341832950711e-04 9.994970560073852539e-01
1.763192267389968038e-04 1.063973686541430652e-04 1.539916702313348651e-04 9.995632171630859375e-01
1.667699980316683650e-04 9.060854790732264519e-05 1.556843635626137257e-04 9.995866417884826660e-01
2.356259792577475309e-04 9.186001261696219444e-05 1.587551087141036987e-04 9.995136857032775879e-01
2.345927350688725710e-04 1.289787614950910211e-04 1.728459465084597468e-04 9.994630813598632812e-01
2.295519661856815219e-04 1.108789874706417322e-04 1.944522955454885960e-04 9.994654059410095215e-01
1.671847858233377337e-04 9.583865175954997540e-05 1.661127607803791761e-04 9.995707869529724121e-01
1.945685362443327904e-04 8.605646871728822589e-05 1.346115168416872621e-04 9.995847940444946289e-01
1.734312681946903467e-04 9.046705235959962010e-05 1.596569345565512776e-04 9.995763897895812988e-01
1.641157723497599363e-04 8.883014379534870386e-05 1.626982702873647213e-04 9.995843172073364258e-01
1.677891559666022658e-04 8.477495430270209908e-05 1.563158439239487052e-04 9.995909333229064941e-01
2.055533259408548474e-04 1.326445490121841431e-04 1.593526394572108984e-04 9.995025992393493652e-01
1.799018937163054943e-04 9.799550753086805344e-05 1.475378230679780245e-04 9.995744824409484863e-01
1.909071288537234068e-04 1.217380486195906997e-04 1.613286294741556048e-04 9.995264410972595215e-01
1.878973562270402908e-04 1.029545455821789801e-04 1.454049197491258383e-04 9.995636940002441406e-01
1.526489650132134557e-04 9.779986430658027530e-05 1.385844952892512083e-04 9.996109604835510254e-01
1.752097450662404299e-04 8.659922605147585273e-05 1.648808247409760952e-04 9.995734095573425293e-01
1.976006460608914495e-04 1.017390532069839537e-04 1.884971570689231157e-04 9.995120763778686523e-01
1.765010674716904759e-04 1.020969721139408648e-04 1.535678893560543656e-04 9.995683431625366211e-01
1.584549027029424906e-04 9.432322258362546563e-05 1.782508770702406764e-04 9.995687603950500488e-01
2.020364627242088318e-04 9.667233098298311234e-05 1.475521858083084226e-04 9.995537400245666504e-01
1.705763424979522824e-04 9.277011122321709991e-05 1.477182813687250018e-04 9.995890259742736816e-01
1.594563946127891541e-04 9.495294943917542696e-05 1.560844975756481290e-04 9.995890855789184570e-01
1.824084029067307711e-04 8.725730003789067268e-05 1.432371354894712567e-04 9.995874762535095215e-01
2.045300061581656337e-04 9.610105189494788647e-05 1.796720025595277548e-04 9.995196461677551270e-01
1.716303959256038070e-04 7.862839265726506710e-05 1.655099331401288509e-04 9.995840787887573242e-01
1.572960318299010396e-04 9.817993850447237492e-05 1.679550478002056479e-04 9.995765089988708496e-01
1.820032775867730379e-04 1.455732708564028144e-04 1.759675360517576337e-04 9.994965791702270508e-01
1.807799417292699218e-04 8.756957686273381114e-05 1.844568614615127444e-04 9.995471239089965820e-01
1.769260416040197015e-04 1.114222395699471235e-04 1.722900196909904480e-04 9.995391368865966797e-01
1.626737357582896948e-04 9.051628148881718516e-05 1.542620157124474645e-04 9.995926618576049805e-01
1.616527297301217914e-04 1.050605715136043727e-04 1.943849492818117142e-04 9.995389580726623535e-01
1.945643889484927058e-04 9.115267312154173851e-05 1.431409473298117518e-04 9.995713233947753906e-01
1.458717015339061618e-04 9.250867879018187523e-05 1.235141680808737874e-04 9.996383786201477051e-01
1.853655703598633409e-04 1.020998170133680105e-04 1.482695224694907665e-04 9.995643496513366699e-01
1.701447617961093783e-04 1.020372437778860331e-04 1.491743751103058457e-04 9.995787143707275391e-01
1.729358045849949121e-04 1.211602939292788506e-04 1.502269442426040769e-04 9.995557665824890137e-01
1.859759504441171885e-04 1.085625408450141549e-04 1.733139797579497099e-04 9.995324611663818359e-01
2.058421669062227011e-04 1.054428284987807274e-04 1.633562933420762420e-04 9.995253682136535645e-01
2.009511372307315469e-04 1.129213633248582482e-04 2.088223700411617756e-04 9.994772672653198242e-01
1.578164956299588084e-04 8.040935063036158681e-05 1.407153031323105097e-04 9.996208548545837402e-01
1.722850138321518898e-04 9.428548946743831038e-05 1.392954000039026141e-04 9.995939731597900391e-01
1.924138632602989674e-04 1.267873012693598866e-04 1.434945588698610663e-04 9.995372891426086426e-01
1.783370971679687500e-04 9.509138908470049500e-05 1.536074560135602951e-04 9.995731115341186523e-01
1.802277693059295416e-04 9.021142614074051380e-05 1.535617629997432232e-04 9.995761513710021973e-01
1.640145783312618732e-04 9.710354788694530725e-05 1.526385458419099450e-04 9.995864033699035645e-01
1.801808975869789720e-04 1.126333809224888682e-04 1.730859221424907446e-04 9.995343089103698730e-01
1.645496377022936940e-04 8.115805394481867552e-05 1.476665638620033860e-04 9.996061921119689941e-01
1.897894399007782340e-04 1.040834104060195386e-04 1.633830688660964370e-04 9.995427727699279785e-01
1.717240083962678909e-04 9.696416964288800955e-05 1.518600329291075468e-04 9.995797276496887207e-01
1.755735574988648295e-04 1.261124270968139172e-04 1.632939529372379184e-04 9.995349645614624023e-01
1.679873530520126224e-04 8.973732474260032177e-05 1.436975289834663272e-04 9.995982050895690918e-01
1.690518402028828859e-04 9.158094326267018914e-05 1.535273040644824505e-04 9.995860457420349121e-01
1.941876980708912015e-04 8.687292574904859066e-05 1.539075747132301331e-04 9.995649456977844238e-01
1.686527539277449250e-04 9.673799650045111775e-05 1.362877228530123830e-04 9.995979070663452148e-01
1.857481838669627905e-04 9.206354297930374742e-05 1.537959469715133309e-04 9.995681643486022949e-01
1.784828782547265291e-04 9.068265353562310338e-05 1.495576143497601151e-04 9.995811581611633301e-01
1.908795966301113367e-04 1.003576107905246317e-04 1.608382881386205554e-04 9.995476603507995605e-01
1.596372749190777540e-04 7.979915244504809380e-05 1.447089598514139652e-04 9.996154904365539551e-01
1.803444029064849019e-04 1.105861229007132351e-04 1.537482312414795160e-04 9.995554089546203613e-01
1.778092118911445141e-04 1.009330444503575563e-04 1.444824301870539784e-04 9.995766878128051758e-01
2.224974450655281544e-04 1.108408905565738678e-04 1.733926037559285760e-04 9.994933009147644043e-01
1.967373100342229009e-04 9.376274101668968797e-05 1.605012803338468075e-04 9.995493888854980469e-01
2.160794247174635530e-04 9.410846541868522763e-05 1.717902778182178736e-04 9.995180964469909668e-01
1.936526095960289240e-04 8.996538963401690125e-05 1.353707921225577593e-04 9.995813965797424316e-01
1.865287485998123884e-04 1.025946039590053260e-04 1.620320108486339450e-04 9.995485544204711914e-01
1.928410929394885898e-04 9.329387830803170800e-05 1.682124857325106859e-04 9.995462894439697266e-01
1.594790519447997212e-04 1.032695290632545948e-04 1.561540411785244942e-04 9.995810389518737793e-01
1.771441893652081490e-04 1.006638340186327696e-04 1.508840796304866672e-04 9.995712041854858398e-01
1.907579862745478749e-04 1.049249331117607653e-04 1.805366482585668564e-04 9.995239377021789551e-01
2.221845497842878103e-04 1.080710135283879936e-04 1.521766680525615811e-04 9.995178580284118652e-01
2.039184182649478316e-04 1.100069857784546912e-04 1.868952531367540359e-04 9.994994401931762695e-01
1.741214073263108730e-04 1.038481859723106027e-04 1.592996850376948714e-04 9.995625019073486328e-01
1.513078022981062531e-04 8.979873382486402988e-05 1.524607214378193021e-04 9.996061921119689941e-01
1.774729316821321845e-04 9.083069016924127936e-05 1.278231502510607243e-04 9.996038079261779785e-01
1.721653679851442575e-04 1.025573874358087778e-04 1.376204454572871327e-04 9.995874166488647461e-01
1.854361180448904634e-04 8.012160833459347486e-05 1.640024565858766437e-04 9.995703697204589844e-01
2.065184817183762789e-04 9.859356214292347431e-05 1.605227589607238770e-04 9.995341897010803223e-01
1.597740192664787173e-04 9.326008876087144017e-05 1.404310460202395916e-04 9.996061921119689941e-01
2.058113750535994768e-04 9.158587636193260550e-05 1.641101262066513300e-04 9.995385408401489258e-01
2.082468272419646382e-04 1.079127687262371182e-04 1.677520340308547020e-04 9.995163679122924805e-01
1.688198826741427183e-04 7.783043110975995660e-05 1.438314648112282157e-04 9.996097087860107422e-01
1.786515640560537577e-04 1.188067544717341661e-04 1.651922793826088309e-04 9.995374679565429688e-01
2.068091125693172216e-04 1.136842256528325379e-04 1.665289310039952397e-04 9.995130300521850586e-01
2.081087732221931219e-04 1.148938463302329183e-04 1.489932328695431352e-04 9.995281696319580078e-01
2.397741045570001006e-04 9.979488095268607140e-05 1.811779220588505268e-04 9.994793534278869629e-01
2.030823670793324709e-04 1.009392726700752974e-04 1.718482526484876871e-04 9.995242953300476074e-01
2.302560023963451385e-04 1.149400995927862823e-04 1.832660491345450282e-04 9.994712471961975098e-01
1.891075517050921917e-04 1.008264953270554543e-04 1.639459078432992101e-04 9.995462894439697266e-01
1.751390955178067088e-04 1.020892523229122162e-04 1.647434546612203121e-04 9.995580911636352539e-01
1.681653520790860057e-04 8.052418706938624382e-05 1.337215508101508021e-04 9.996172785758972168e-01
1.824146311264485121e-04 1.066323384293355048e-04 1.607738231541588902e-04 9.995499253273010254e-01
1.814343995647504926e-04 9.860074351308867335e-05 1.418931060470640659e-04 9.995782375335693359e-01
1.993057376239448786e-04 1.177769227069802582e-04 1.933727180585265160e-04 9.994891881942749023e-01
2.189058286603540182e-04 1.035266977851279080e-04 1.847632665885612369e-04 9.994928240776062012e-01
1.475924800615757704e-04 9.817850514082238078e-05 1.454963494325056672e-04 9.996085762977600098e-01
2.088175970129668713e-04 8.489470928907394409e-05 1.631892373552545905e-04 9.995429515838623047e-01
2.328459086129441857e-04 1.185403016279451549e-04 1.512528106104582548e-04 9.994975328445434570e-01
1.889038248918950558e-04 9.562919149175286293e-05 1.589860621606931090e-04 9.995566606521606445e-01
1.878354523796588182e-04 1.148906594607979059e-04 2.039067039731889963e-04 9.994935989379882812e-01
2.371193259023129940e-04 1.200352417072281241e-04 1.629719772608950734e-04 9.994795918464660645e-01
2.002680848818272352e-04 9.740865789353847504e-05 1.597780646989122033e-04 9.995425939559936523e-01
1.972113095689564943e-04 9.790359763428568840e-05 1.525353727629408240e-04 9.995519518852233887e-01
1.938948407769203186e-04 8.104569860734045506e-05 1.435335580026730895e-04 9.995815157890319824e-01
1.856557501014322042e-04 9.177993342746049166e-05 1.372879196424037218e-04 9.995852708816528320e-01
2.069898473564535379e-04 1.244330342160537839e-04 1.984218251891434193e-04 9.994701147079467773e-01
1.965958072105422616e-04 1.093212122214026749e-04 1.680122077232226729e-04 9.995258450508117676e-01
1.906992984004318714e-04 1.187640300486236811e-04 1.431799028068780899e-04 9.995477795600891113e-01
2.021565887844190001e-04 1.139625601354055107e-04 1.622361305635422468e-04 9.995216727256774902e-01
2.031112089753150940e-04 8.783076191321015358e-05 1.680734421825036407e-04 9.995406270027160645e-01
1.716163387754932046e-04 1.076230328180827200e-04 1.655783853493630886e-04 9.995549321174621582e-01
2.480832044966518879e-04 1.061225630110129714e-04 1.451628195354714990e-04 9.995002746582031250e-01
2.371446171309798956e-04 9.459247667109593749e-05 1.843079808168113232e-04 9.994842410087585449e-01
1.864953956101089716e-04 8.774999878369271755e-05 1.394337741658091545e-04 9.995864629745483398e-01
2.063425199594348669e-04 1.067255288944579661e-04 1.613047061255201697e-04 9.995260238647460938e-01
1.713866658974438906e-04 1.278519630432128906e-04 1.470590650569647551e-04 9.995535612106323242e-01
2.128181949956342578e-04 1.182401611004024744e-04 1.484868844272568822e-04 9.995202422142028809e-01
2.239918539999052882e-04 1.095064872060902417e-04 1.430710981367155910e-04 9.995234012603759766e-01
2.671412075869739056e-04 1.154937417595647275e-04 1.452202268410474062e-04 9.994726777076721191e-01
1.751498348312452435e-04 7.871865091146901250e-05 1.232963113579899073e-04 9.996227622032165527e-01
2.186811034334823489e-04 9.951151150744408369e-05 1.754225086187943816e-04 9.995065331459045410e-01
2.417271170997992158e-04 1.015162124531343579e-04 1.688150659902021289e-04 9.994878768920898438e-01
2.245495561510324478e-04 9.704708645585924387e-05 1.414747675880789757e-04 9.995370507240295410e-01
2.820693480316549540e-04 9.971198596758767962e-05 1.244590675923973322e-04 9.994931817054748535e-01
2.179043949581682682e-04 8.980930579127743840e-05 1.412575365975499153e-04 9.995514154434204102e-01
1.910613500513136387e-04 7.627108425367623568e-05 1.282477896893396974e-04 9.996044635772705078e-01
2.518534020055085421e-04 1.058862617355771363e-04 1.727212074911221862e-04 9.994695782661437988e-01
2.722177305258810520e-04 1.219037294504232705e-04 1.795410935301333666e-04 9.994260668754577637e-01
2.228361408924683928e-04 9.001544822240248322e-05 1.381942129228264093e-04 9.995493888854980469e-01
2.652698894962668419e-04 1.133110490627586842e-04 1.794262789189815521e-04 9.994419217109680176e-01
2.213368425145745277e-04 1.006563470582477748e-04 1.627482124604284763e-04 9.995153546333312988e-01
2.729906118474900723e-04 1.070599246304482222e-04 1.547215069876983762e-04 9.994651675224304199e-01
2.368553541600704193e-04 1.083959868992678821e-04 1.337694702669978142e-04 9.995211362838745117e-01
2.280583285028114915e-04 1.072263476089574397e-04 1.585982536198571324e-04 9.995059370994567871e-01
2.313021395821124315e-04 1.129647644120268524e-04 1.403389615006744862e-04 9.995154738426208496e-01
2.296673919772729278e-04 8.967609028331935406e-05 1.278037816518917680e-04 9.995524287223815918e-01
2.266964293085038662e-04 8.571551006752997637e-05 1.605120341992005706e-04 9.995273351669311523e-01
2.066937449853867292e-04 1.008985418593510985e-04 1.497948833275586367e-04 9.995424747467041016e-01
2.466198347974568605e-04 1.155465724878013134e-04 1.715554535621777177e-04 9.994660615921020508e-01
2.228892844868823886e-04 1.273386587854474783e-04 1.549281296320259571e-04 9.994944334030151367e-01
3.175934834871441126e-04 1.158449886133894324e-04 1.510835718363523483e-04 9.994155764579772949e-01
2.739282208494842052e-04 1.010169944493100047e-04 1.493757445132359862e-04 9.994755983352661133e-01
2.025799622060731053e-04 9.251653682440519333e-05 1.830257970141246915e-04 9.995224475860595703e-01
2.663405030034482479e-04 1.189802787848748267e-04 1.583747216500341892e-04 9.994561672210693359e-01
2.218426379840821028e-04 8.923501445678994060e-05 1.451911957701668143e-04 9.995439052581787109e-01
3.009857900906354189e-04 1.380159956170246005e-04 1.749989460222423077e-04 9.993857741355895996e-01
2.754708402790129185e-04 1.146007125498726964e-04 1.993201876757666469e-04 9.994105696678161621e-01
2.159616269636899233e-04 8.247964433394372463e-05 1.215956726809963584e-04 9.995803236961364746e-01
4.697311960626393557e-04 1.381031906930729747e-04 1.574013003846630454e-04 9.992347955703735352e-01
2.375027834204956889e-04 1.098834836739115417e-04 1.567392318975180387e-04 9.994958639144897461e-01
2.801634545903652906e-04 9.888539352687075734e-05 1.209286710945889354e-04 9.995006322860717773e-01
2.559615531936287880e-04 1.030818166327662766e-04 1.459595951018854976e-04 9.994947910308837891e-01
2.527755859773606062e-04 1.159025559900328517e-04 1.261365105165168643e-04 9.995049834251403809e-01
2.464371500536799431e-04 1.016325113596394658e-04 1.467819674871861935e-04 9.995053410530090332e-01
2.910373732447624207e-04 1.014466542983427644e-04 1.396165607729926705e-04 9.994681477546691895e-01
3.181730280630290508e-04 9.210416465066373348e-05 1.113429170800372958e-04 9.994782805442810059e-01
3.927130019292235374e-04 1.058261404978111386e-04 1.396340230712667108e-04 9.993616938591003418e-01
3.061500028707087040e-04 1.063895251718349755e-04 1.257685071323066950e-04 9.994617700576782227e-01
3.145425289403647184e-04 8.081729902187362313e-05 1.252786751138046384e-04 9.994791150093078613e-01
4.083546809852123260e-04 1.029101185849867761e-04 1.338852744083851576e-04 9.993548393249511719e-01
4.454114823602139950e-04 1.436567836208269000e-04 1.920890790643170476e-04 9.992194771766662598e-01
3.622664953581988811e-04 7.969985017552971840e-05 1.062524461303837597e-04 9.994518160820007324e-01
8.336731116287410259e-04 1.128374133259057999e-04 1.349176163785159588e-04 9.989181756973266602e-01
5.716964369639754295e-04 1.125654671341180801e-04 1.314814144279807806e-04 9.991843104362487793e-01
3.982657799497246742e-04 8.278491441160440445e-05 1.245450112037360668e-04 9.993947744369506836e-01
4.700398712884634733e-04 1.005787635222077370e-04 1.576880022184923291e-04 9.992718100547790527e-01
3.841278667096048594e-04 1.048899430315941572e-04 1.452424039598554373e-04 9.993655085563659668e-01
7.554332842119038105e-04 8.709499525139108300e-05 1.459493360016494989e-04 9.990113377571105957e-01
4.393912968225777149e-04 8.347608672920614481e-05 1.185341534437611699e-04 9.993583559989929199e-01
8.508608443662524223e-04 1.044309756252914667e-04 1.332686515524983406e-04 9.989112615585327148e-01
5.799236823804676533e-04 8.930775948101654649e-05 1.573457266204059124e-04 9.991730451583862305e-01
9.546490618959069252e-04 9.323680569650605321e-05 1.594360364833846688e-04 9.987927675247192383e-01
1.146878930740058422e-03 9.733874321682378650e-05 1.254431554116308689e-04 9.986302852630615234e-01
9.733646875247359276e-04 9.975969442166388035e-05 1.500571233918890357e-04 9.987765550613403320e-01
2.725844271481037140e-03 9.245512774214148521e-05 9.546595538267865777e-05 9.970861673355102539e-01
1.111299730837345123e-03 8.127314504235982895e-05 8.709660323802381754e-05 9.987204074859619141e-01
1.845759921707212925e-03 8.208899816963821650e-05 9.244246757589280605e-05 9.979798197746276855e-01
2.573047531768679619e-03 1.181838597403839231e-04 1.045342069119215012e-04 9.972043037414550781e-01
3.915790934115648270e-03 9.777371451491490006e-05 1.293834793614223599e-04 9.958568215370178223e-01
3.663175506517291069e-03 1.073314633686095476e-04 1.244130107806995511e-04 9.961052536964416504e-01
3.929872065782546997e-03 1.016391543089412153e-04 9.022609447129070759e-05 9.958782792091369629e-01
3.296685870736837387e-03 8.174798858817666769e-05 1.313146931352093816e-04 9.964903593063354492e-01
4.943668376654386520e-03 8.466634608339518309e-05 1.064824755303561687e-04 9.948652386665344238e-01
1.210533268749713898e-02 7.966543489601463079e-05 8.881498069968074560e-05 9.877261519432067871e-01
7.526541128754615784e-03 8.669665112392976880e-05 1.183220811071805656e-04 9.922685027122497559e-01
9.572850540280342102e-03 1.126802017097361386e-04 1.050609062076546252e-04 9.902094602584838867e-01
1.073094736784696579e-02 6.362040585372596979e-05 7.991599704837426543e-05 9.891252517700195312e-01
1.546045672148466110e-02 8.325972157763317227e-05 9.705306001706048846e-05 9.843590855598449707e-01
2.531506121158599854e-02 7.307375199161469936e-05 8.007860742509365082e-05 9.745316505432128906e-01
1.754133589565753937e-02 7.593817281303927302e-05 1.030108978739008307e-04 9.822800755500793457e-01
5.628485977649688721e-02 7.852791895857080817e-05 1.215035299537703395e-04 9.435147047042846680e-01
6.000842526555061340e-02 7.795842248015105724e-05 8.787550177657976747e-05 9.398255944252014160e-01
7.047738134860992432e-02 5.291053093969821930e-05 6.722979014739394188e-05 9.294027686119079590e-01
8.218679577112197876e-02 4.324291876400820911e-05 5.525900996872223914e-05 9.177151322364807129e-01
1.096262931823730469e-01 3.582372301025316119e-05 4.971332964487373829e-05 8.902877569198608398e-01
1.547971218824386597e-01 4.241084388922899961e-05 4.279737549950368702e-05 8.451179265975952148e-01
1.627233773469924927e-01 2.598010360088665038e-05 4.280627763364464045e-05 8.372078537940979004e-01
1.829232722520828247e-01 5.172100645722821355e-05 4.921565778204239905e-05 8.169759511947631836e-01
2.119250148534774780e-01 3.969680619775317609e-05 3.863518213620409369e-05 7.879964113235473633e-01
2.548724114894866943e-01 4.411242844071239233e-05 4.466419341042637825e-05 7.450383901596069336e-01
2.783934473991394043e-01 3.065882992814294994e-05 3.283787373220548034e-05 7.215430140495300293e-01
3.283754289150238037e-01 3.012918568856548518e-05 3.087063305429182947e-05 6.715637445449829102e-01
3.492822647094726562e-01 3.463004759396426380e-05 4.527631972450762987e-05 6.506377458572387695e-01
3.801839053630828857e-01 3.771821502596139908e-05 5.832446549902670085e-05 6.197199225425720215e-01
4.216156899929046631e-01 3.702220055856741965e-05 5.897599839954636991e-05 5.782884955406188965e-01
4.305272996425628662e-01 3.833959999610669911e-05 3.266625208198092878e-05 5.694015622138977051e-01
4.531595110893249512e-01 1.965724368346855044e-05 2.421232602500822395e-05 5.467964410781860352e-01
5.037242174148559570e-01 1.735326259222347289e-05 2.690961082407739013e-05 4.962314665317535400e-01
5.243518948554992676e-01 1.567053004691842943e-05 3.245256084483116865e-05 4.756001830101013184e-01
5.348229408264160156e-01 2.008436604228336364e-05 1.795292155293282121e-05 4.651389718055725098e-01
5.440282225608825684e-01 3.090587415499612689e-05 7.249706686707213521e-05 4.558683931827545166e-01
5.604270100593566895e-01 1.850705302786082029e-05 2.785134347504936159e-05 4.395267665386199951e-01
5.459599494934082031e-01 1.723375862638931721e-05 2.722108911257237196e-05 4.539954960346221924e-01
5.562601685523986816e-01 1.767075991665478796e-05 3.254082548664882779e-05 4.436897039413452148e-01
5.636336207389831543e-01 1.564686863275710493e-05 2.991411201946903020e-05 4.363207817077636719e-01
5.807655453681945801e-01 2.140023570973426104e-05 4.291755612939596176e-05 4.191702008247375488e-01
5.646134614944458008e-01 2.132156623702030629e-05 3.696532075991854072e-05 4.353281557559967041e-01
5.711225867271423340e-01 1.833061287470627576e-05 2.615581070131156594e-05 4.288333058357238770e-01
5.746313929557800293e-01 2.105662861140444875e-05 3.457099955994635820e-05 4.253126680850982666e-01
5.666584968566894531e-01 1.748147587932180613e-05 3.881793963955715299e-05 4.332851469516754150e-01
5.774390697479248047e-01 2.202048926847055554e-05 3.451804514043033123e-05 4.225042164325714111e-01
5.774357318878173828e-01 2.040598883468192071e-05 2.094367300742305815e-05 4.225229322910308838e-01
5.697407722473144531e-01 1.898294249258469790e-05 2.753094122454058379e-05 4.302126765251159668e-01
5.688070058822631836e-01 2.507839417376089841e-05 4.175762296654284000e-05 4.311261177062988281e-01
5.724123716354370117e-01 1.915711436595302075e-05 3.846799882012419403e-05 4.275301396846771240e-01
5.703030228614807129e-01 2.146405131497886032e-05 3.030976222362369299e-05 4.296452105045318604e-01
5.658261775970458984e-01 2.227430741186253726e-05 3.587524770409800112e-05 4.341154992580413818e-01
5.660148859024047852e-01 1.971147685253527015e-05 4.437518146005459130e-05 4.339211583137512207e-01
5.600554347038269043e-01 2.314130870217923075e-05 3.901295713149011135e-05 4.398820698261260986e-01
5.628170371055603027e-01 1.518574026704300195e-05 2.090939051413442940e-05 4.371468424797058105e-01
5.453941822052001953e-01 2.210069942520931363e-05 2.221835347882006317e-05 4.545614719390869141e-01
5.357503890991210938e-01 2.174897053919266909e-05 2.143263918696902692e-05 4.642064869403839111e-01
5.373345017433166504e-01 2.070443224511109293e-05 2.835946725099347532e-05 4.626163542270660400e-01
5.377613902091979980e-01 2.368819878029171377e-05 3.581793862394988537e-05 4.621791839599609375e-01
5.310304164886474609e-01 1.941102527780458331e-05 3.334285065648145974e-05 4.689168930053710938e-01
5.316280722618103027e-01 2.839734042936470360e-05 2.421907447569537908e-05 4.683192074298858643e-01
5.333502292633056641e-01 2.567579394963104278e-05 2.331007453904021531e-05 4.666009843349456787e-01
5.250055789947509766e-01 2.859157029888592660e-05 2.572117045929189771e-05 4.749402105808258057e-01
5.378380417823791504e-01 2.227328150183893740e-05 3.321002441225573421e-05 4.621063470840454102e-01
5.351927280426025391e-01 2.510368904040660709e-05 3.435711914789862931e-05 4.647473096847534180e-01
5.372175574302673340e-01 2.975569259433541447e-05 4.197189628030173481e-05 4.627108573913574219e-01
